timestamp,open,high,low,close,adjusted_close,volume,dividend_amount,split_coefficient
2022-12-21,15.77,15.96,15.74,15.78,15.78,14255244,0.0000,1.0
2022-12-20,15.51,15.68,15.47,15.66,15.66,13188275,0.0000,1.0
2022-12-19,15.7,15.77,15.375,15.48,15.48,9138570,0.0000,1.0
2022-12-16,15.545,15.74,15.435,15.64,15.64,31670596,0.0000,1.0
2022-12-15,15.96,16.03,15.655,15.76,15.76,16562914,0.0000,1.0
2022-12-14,16.1,16.42,16.03,16.2,16.2,14978284,0.0000,1.0
2022-12-13,16.34,16.495,16.08,16.25,16.25,18008000,0.1200,1.0
2022-12-12,16.02,16.4,16.0,16.36,16.2400733048,11246487,0.0000,1.0
2022-12-09,16.3,16.39,16.14,16.15,16.0316127062,10018197,0.0000,1.0
2022-12-08,16.19,16.355,16.16,16.29,16.1705864386,9297638,0.0000,1.0
2022-12-07,16.13,16.13,15.885,16.06,15.9422724496,14176655,0.0000,1.0
2022-12-06,16.23,16.32,16.12,16.27,16.1507330483,14153488,0.0000,1.0
2022-12-05,16.59,16.65,16.12,16.21,16.0911728772,12746467,0.0000,1.0
2022-12-02,16.62,16.835,16.53,16.69,16.5676542456,13167115,0.0000,1.0
2022-12-01,16.39,16.93,16.24,16.82,16.6967012828,17179439,0.0000,1.0
2022-11-30,15.76,16.86,15.55,16.78,16.6569945021,35362281,0.0000,1.0
2022-11-29,15.62,15.7,15.45,15.46,15.3466707392,14778686,0.0000,1.0
2022-11-28,15.7,15.76,15.495,15.55,15.4360109957,13433493,0.0000,1.0
2022-11-25,15.8,15.99,15.73,15.83,15.7139584606,5567625,0.0000,1.0
2022-11-23,15.61,15.84,15.57,15.8,15.6841783751,11307233,0.0000,1.0
2022-11-22,15.57,15.7555,15.465,15.63,15.5154245571,16074784,0.0000,1.0
2022-11-21,15.59,15.62,15.42,15.55,15.4360109957,14910884,0.0000,1.0
2022-11-18,15.64,15.8,15.5,15.77,15.6543982896,14069040,0.0000,1.0
2022-11-17,15.01,15.55,14.94,15.54,15.4260843005,14944812,0.0000,1.0
2022-11-16,15.42,15.51,15.12,15.23,15.1183567502,15051128,0.0000,1.0
2022-11-15,15.53,15.64,15.33,15.51,15.396304215,14101164,0.0000,1.0
2022-11-14,15.19,15.6,15.13,15.32,15.2076970067,11924875,0.0000,1.0
2022-11-11,14.97,15.34,14.9,15.29,15.1779169212,13755954,0.0000,1.0
2022-11-10,14.69,14.88,14.535,14.87,14.7609957239,13869858,0.0000,1.0
2022-11-09,14.28,14.4,14.13,14.15,14.0462736714,11909159,0.0000,1.0
2022-11-08,14.56,14.655,14.305,14.42,14.3142944411,11080913,0.0000,1.0
2022-11-07,14.25,14.49,14.18,14.43,14.3242211362,11777006,0.0000,1.0
2022-11-04,14.1,14.31,13.935,14.25,14.1455406231,12930116,0.0000,1.0
2022-11-03,13.8,13.88,13.57,13.8,13.6988393403,11064068,0.0000,1.0
2022-11-02,14.29,14.45,14.0,14.0,13.8973732437,14840864,0.0000,1.0
2022-11-01,14.4,14.45,14.24,14.36,14.25473427,15357775,0.0000,1.0
2022-10-31,14.29,14.39,14.19,14.27,14.1653940134,13517027,0.0000,1.0
2022-10-28,14.16,14.47,14.16,14.39,14.2845143555,12289195,0.0000,1.0
2022-10-27,14.07,14.25,14.03,14.07,13.96686011,15153051,0.0000,1.0
2022-10-26,13.78,14.16,13.755,13.98,13.8775198534,14151640,0.0000,1.0
2022-10-25,13.6,13.93,13.52,13.85,13.7484728161,16719931,0.0000,1.0
2022-10-24,13.53,13.71,13.41,13.66,13.5598656078,17275208,0.0000,1.0
2022-10-21,12.86,13.4875,12.81,13.47,13.3712583995,20455923,0.0000,1.0
2022-10-20,12.77,13.2,12.74,12.81,12.716096518,17132388,0.0000,1.0
2022-10-19,12.85,13.04,12.71,12.82,12.7260232132,12362657,0.0000,1.0
2022-10-18,12.94,13.07,12.705,12.87,12.7756566891,14721831,0.0000,1.0
2022-10-17,12.9,13.01,12.63,12.78,12.6863164325,19641172,0.0000,1.0
2022-10-14,12.93,12.93,12.575,12.59,12.4977092242,16266522,0.0000,1.0
2022-10-13,12.18,12.93,12.065,12.83,12.7359499084,18163194,0.0000,1.0
2022-10-12,12.24,12.52,12.14,12.35,12.25946854,14517845,0.0000,1.0
2022-10-11,12.23,12.4,12.105,12.21,12.1204948076,18397159,0.0000,1.0
2022-10-10,12.55,12.57,12.14,12.3,12.2098350641,11474328,0.0000,1.0
2022-10-07,12.66,12.73,12.38,12.46,12.3686621869,12885403,0.0000,1.0
2022-10-06,12.87,12.99,12.82,12.91,12.8153634698,12361223,0.0000,1.0
2022-10-05,12.66,13.015,12.58,12.95,12.8550702505,11658673,0.0000,1.0
2022-10-04,12.58,12.85,12.56,12.85,12.7558032987,11791319,0.0000,1.0
2022-10-03,12.17,12.47,12.02,12.37,12.2793219304,14231869,0.0000,1.0
2022-09-30,12.12,12.32,11.97,11.98,11.8921808186,13870513,0.0000,1.0
2022-09-29,12.18,12.18,11.97,12.12,12.031154551,17697653,0.0000,1.0
2022-09-28,12.01,12.33,11.994,12.28,12.1899816738,14349115,0.0000,1.0
2022-09-27,12.17,12.23,11.93,12.04,11.9517409896,14029300,0.0000,1.0
2022-09-26,12.08,12.24,11.925,12.01,11.9219609041,14779613,0.0000,1.0
2022-09-23,12.23,12.27,11.9,12.16,12.0708613317,13636150,0.0000,1.0
2022-09-22,12.6,12.62,12.34,12.4,12.3091020159,12318624,0.0000,1.0
2022-09-21,12.86,12.98,12.58,12.6,12.5076359194,8679589,0.0000,1.0
2022-09-20,12.85,12.86,12.67,12.76,12.6664630422,7748286,0.0000,1.0
2022-09-19,12.89,13.11,12.82,12.98,12.884850336,7887392,0.0000,1.0
2022-09-16,12.91,13.12,12.805,13.06,12.9642638974,16887154,0.0000,1.0
2022-09-15,13.03,13.29,12.96,13.07,12.9741905925,12627222,0.0000,1.0
2022-09-14,13.22,13.26,12.93,13.03,12.9344838119,12622899,0.0000,1.0
2022-09-13,13.46,13.55,13.085,13.18,13.0833842395,12455790,0.0000,1.0
2022-09-12,13.57,13.82,13.54,13.76,13.6591325596,12058827,0.0000,1.0
2022-09-09,13.32,13.49,13.29,13.43,13.3315516188,12016708,0.1200,1.0
2022-09-08,13.18,13.36,13.08,13.36,13.1446147326,17411799,0.0000,1.0
2022-09-07,13.11,13.33,13.02,13.29,13.0757432483,9867972,0.0000,1.0
2022-09-06,13.27,13.349,13.05,13.15,12.9380002795,14073291,0.0000,1.0
2022-09-02,13.58,13.62,13.18,13.24,13.0265493309,16069515,0.0000,1.0
2022-09-01,13.5,13.535,13.13,13.37,13.1544535161,16665094,0.0000,1.0
2022-08-31,13.71,13.805,13.53,13.6,13.3807455362,25985271,0.0000,1.0
2022-08-30,13.76,13.84,13.565,13.65,13.4299394536,12076979,0.0000,1.0
2022-08-29,13.62,13.96,13.545,13.72,13.498810938,13676627,0.0000,1.0
2022-08-26,14.63,14.65,13.74,13.76,13.5381660719,16798234,0.0000,1.0
2022-08-25,14.5,14.845,14.5,14.83,14.5909159046,9603062,0.0000,1.0
2022-08-24,14.4,14.48,14.24,14.36,14.1284930809,13000533,0.0000,1.0
2022-08-23,14.47,14.63,14.4,14.41,14.1776869983,11379347,0.0000,1.0
2022-08-22,14.69,14.69,14.38,14.41,14.1776869983,10733701,0.0000,1.0
2022-08-19,15.03,15.09,14.805,14.86,14.620432255,11403215,0.0000,1.0
2022-08-18,15.02,15.2,14.995,15.17,14.925434543,10958200,0.0000,1.0
2022-08-17,14.9,15.06,14.77,14.93,14.6893037394,11520551,0.0000,1.0
2022-08-16,14.84,15.065,14.833,14.95,14.7089813064,8315573,0.0000,1.0
2022-08-15,14.68,14.91,14.625,14.86,14.620432255,7899272,0.0000,1.0
2022-08-12,14.75,14.85,14.72,14.8,14.5613995541,11828836,0.0000,1.0
2022-08-11,14.64,14.84,14.6,14.67,14.4334953689,8397905,0.0000,1.0
2022-08-10,14.29,14.58,14.24,14.51,14.2760748331,9706004,0.0000,1.0
2022-08-09,14.35,14.39,13.95,14.09,13.8628459269,10262901,0.0000,1.0
2022-08-08,14.52,14.64,14.32,14.4,14.1678482148,6772696,0.0000,1.0
2022-08-05,14.12,14.44,14.06,14.36,14.1284930809,9264651,0.0000,1.0
2022-08-04,14.23,14.315,14.155,14.29,14.0596215965,7153678,0.0000,1.0
2022-08-03,14.24,14.39,14.09,14.27,14.0399440296,7380020,0.0000,1.0
2022-08-02,14.31,14.375,14.1,14.17,13.9415561947,6823862,0.0000,1.0
2022-08-01,14.11,14.44,14.1,14.42,14.1875257818,7503598,0.0000,1.0
2022-07-29,14.1,14.33,13.99,14.24,14.0104276791,9064686,0.0000,1.0
2022-07-28,13.97,14.16,13.875,14.08,13.8530071434,6780705,0.0000,1.0
2022-07-27,13.83,14.055,13.72,13.99,13.764458092,8790673,0.0000,1.0
2022-07-26,13.87,14.06,13.74,13.78,13.5578436389,6587290,0.0000,1.0
2022-07-25,13.89,13.925,13.7211,13.88,13.6562314737,9531884,0.0000,1.0
2022-07-22,13.98,14.07,13.685,13.77,13.5480048554,8985359,0.0000,1.0
2022-07-21,13.82,14.07,13.73,14.06,13.8333295764,8386330,0.0000,1.0
2022-07-20,13.75,14.055,13.685,13.91,13.6857478242,8719202,0.0000,1.0
2022-07-19,13.34,13.79,13.315,13.78,13.5578436389,7146235,0.0000,1.0
2022-07-18,13.38,13.475,13.13,13.16,12.947839063,6544685,0.0000,1.0
2022-07-15,13.17,13.28,12.965,13.27,13.0560656813,7955798,0.0000,1.0
2022-07-14,12.75,13.06,12.669,13.01,12.8002573108,8154822,0.0000,1.0
2022-07-13,12.91,13.075,12.835,13.0,12.7904185273,7631118,0.0000,1.0
2022-07-12,13.14,13.4,13.02,13.12,12.9084839291,10452214,0.0000,1.0
2022-07-11,13.01,13.195,13.0,13.06,12.8494512282,7598297,0.0000,1.0
2022-07-08,13.1,13.3,12.96,13.19,12.9773554134,8138567,0.0000,1.0
2022-07-07,13.04,13.18,12.95,13.04,12.8297736612,11056643,0.0000,1.0
2022-07-06,12.78,12.885,12.56,12.77,12.5641265072,10532685,0.0000,1.0
2022-07-05,12.7,12.84,12.4,12.83,12.6231592081,13734780,0.0000,1.0
2022-07-01,13.22,13.2999,12.73,12.96,12.7510633933,12884705,0.0000,1.0
2022-06-30,13.14,13.35,13.06,13.26,13.0462268978,13551459,0.0000,1.0
2022-06-29,13.82,13.82,13.31,13.36,13.1446147326,8272782,0.0000,1.0
2022-06-28,14.2,14.285,13.739,13.75,13.5283272885,9494284,0.0000,1.0
2022-06-27,14.16,14.245,14.02,14.13,13.9022010608,6200793,0.0000,1.0
2022-06-24,13.74,14.14,13.65,14.06,13.8333295764,12053585,0.0000,1.0
2022-06-23,13.75,13.86,13.415,13.62,13.4004231032,8189086,0.0000,1.0
2022-06-22,13.66,13.865,13.625,13.73,13.5086497215,8189746,0.0000,1.0
2022-06-21,13.86,14.02,13.73,13.9,13.6759090407,10028960,0.0000,1.0
2022-06-17,13.43,13.59,13.1748,13.42,13.2036474335,18452914,0.0000,1.0
2022-06-16,13.73,13.7599,13.235,13.35,13.1347759492,11242229,0.0000,1.0
2022-06-15,13.76,14.26,13.705,14.07,13.8431683599,13743281,0.0000,1.0
2022-06-14,13.66,13.85,13.555,13.67,13.4496170206,10104935,0.0000,1.0
2022-06-13,13.88,14.015,13.64,13.7,13.4791333711,12877115,0.0000,1.0
2022-06-10,14.38,14.5,14.155,14.23,14.0005888956,8798913,0.1200,1.0
2022-06-09,14.91,15.05,14.65,14.68,14.3225536577,6899036,0.0000,1.0
2022-06-08,15.29,15.29,14.97,14.97,14.605492388,6807982,0.0000,1.0
2022-06-07,15.07,15.39,14.86,15.34,14.9664831818,9358704,0.0000,1.0
2022-06-06,15.25,15.425,15.09,15.22,14.8494050865,9342418,0.0000,1.0
2022-06-03,14.79,15.18,14.755,15.08,14.7128139753,9442477,0.0000,1.0
2022-06-02,14.83,15.015,14.23,14.96,14.59573588,23225641,0.0000,1.0
2022-06-01,15.81,16.03,15.585,15.78,15.3957695312,12804583,0.0000,1.0
2022-05-31,15.67,15.84,15.385,15.6,15.2201523883,19470603,0.0000,1.0
2022-05-27,15.61,15.98,15.545,15.79,15.4055260392,11996275,0.0000,1.0
2022-05-26,14.96,15.17,14.88,15.09,14.7225704833,12225583,0.0000,1.0
2022-05-25,14.39,15.04,14.39,14.91,14.5469533403,10757049,0.0000,1.0
2022-05-24,14.36,14.62,14.01,14.56,14.2054755624,13173431,0.0000,1.0
2022-05-23,14.2,14.57,14.1601,14.51,14.1566930227,11306943,0.0000,1.0
2022-05-20,14.8,14.8,13.5343,14.16,13.8152152447,24256040,0.0000,1.0
2022-05-19,15.37,15.385,14.57,15.04,14.6737879436,21103016,0.0000,1.0
2022-05-18,16.55,16.63,15.65,15.76,15.3762565153,13338873,0.0000,1.0
2022-05-17,16.25,16.8,16.2,16.75,16.3421508015,10950342,0.0000,1.0
2022-05-16,15.85,16.075,15.75,15.97,15.5811431821,6482623,0.0000,1.0
2022-05-13,15.76,16.03,15.66,15.95,15.5616301662,7308379,0.0000,1.0
2022-05-12,15.57,15.675,15.2842,15.62,15.2396654042,13933105,0.0000,1.0
2022-05-11,16.21,16.43,15.56,15.58,15.2006393724,8743802,0.0000,1.0
2022-05-10,16.0,16.4398,15.88,16.22,15.8250558806,20076876,0.0000,1.0
2022-05-09,15.48,15.99,15.46,15.84,15.4543085789,17107134,0.0000,1.0
2022-05-06,15.91,15.95,15.57,15.69,15.3079609597,11665780,0.0000,1.0
2022-05-05,15.94,16.135,15.755,15.95,15.5616301662,16828661,0.0000,1.0
2022-05-04,15.56,16.11,15.51,16.09,15.6982212774,9527641,0.0000,1.0
2022-05-03,15.42,15.675,15.355,15.49,15.1128308009,7605507,0.0000,1.0
2022-05-02,15.405,15.56,14.99,15.38,15.0055092136,7912168,0.0000,1.0
2022-04-29,15.65,15.935,15.39,15.41,15.0347787374,10580959,0.0000,1.0
2022-04-28,15.66,15.82,15.53,15.7,15.3177174677,10054785,0.0000,1.0
2022-04-27,15.26,15.48,15.05,15.38,15.0055092136,10787358,0.0000,1.0
2022-04-26,15.47,15.6,15.25,15.27,14.8981876262,6552824,0.0000,1.0
2022-04-25,15.58,15.63,15.2238,15.59,15.2103958803,8561783,0.0000,1.0
2022-04-22,16.25,16.25,15.73,15.75,15.3665000074,7175623,0.0000,1.0
2022-04-21,16.62,16.74,16.27,16.32,15.92262096,9459533,0.0000,1.0
2022-04-20,16.21,16.66,16.21,16.52,16.1177511189,9194200,0.0000,1.0
2022-04-19,15.91,16.165,15.82,16.11,15.7177342933,8929590,0.0000,1.0
2022-04-18,15.44,15.75,15.4,15.71,15.3274739756,8378806,0.0000,1.0
2022-04-14,15.52,15.62,15.343,15.38,15.0055092136,7197432,0.0000,1.0
2022-04-13,15.44,15.555,15.315,15.48,15.103074293,10134259,0.0000,1.0
2022-04-12,15.49,15.85,15.32,15.41,15.0347787374,10502122,0.0000,1.0
2022-04-11,16.02,16.22,15.8,15.81,15.425039055,6340637,0.0000,1.0
2022-04-08,16.02,16.295,15.84,16.1,15.7079777853,8942154,0.0000,1.0
2022-04-07,15.99,16.09,15.605,16.0,15.6104127059,14207808,0.0000,1.0
2022-04-06,15.7,15.745,15.47,15.57,15.1908828645,9878118,0.0000,1.0
2022-04-05,16.17,16.33,15.74,15.8,15.4152825471,8172301,0.0000,1.0
2022-04-04,16.26,16.38,15.98,16.32,15.92262096,10027431,0.0000,1.0
2022-04-01,16.88,16.88,16.06,16.29,15.8933514362,8138793,0.0000,1.0
2022-03-31,17.05,17.16,16.69,16.71,16.3031247698,10402907,0.0000,1.0
2022-03-30,17.5,17.615,17.2,17.28,16.8592457224,4783913,0.0000,1.0
2022-03-29,17.58,17.655,17.38,17.56,17.1324279448,6015505,0.0000,1.0
2022-03-28,17.4,17.45,17.09,17.38,16.9568108018,6572580,0.0000,1.0
2022-03-25,17.15,17.57,17.11,17.54,17.1129149289,11010341,0.0000,1.0
2022-03-24,17.06,17.15,16.93,17.05,16.6348460398,13534333,0.0000,1.0
2022-03-23,17.05,17.2,16.96,16.97,16.5567939762,7361411,0.0000,1.0
2022-03-22,17.2,17.3,16.985,17.13,16.7128981033,11960735,0.0000,1.0
2022-03-21,17.12,17.335,16.8541,17.05,16.6348460398,9005700,0.0000,1.0
2022-03-18,16.6,17.1,16.445,17.04,16.6250895318,24543809,0.0000,1.0
2022-03-17,16.5,16.8,16.27,16.72,16.3128812777,10839555,0.0000,1.0
2022-03-16,16.67,16.85,16.48,16.76,16.3519073095,11061527,0.0000,1.0
2022-03-15,16.32,16.66,16.205,16.53,16.1275076268,14246282,0.0000,1.0
2022-03-14,16.63,16.8,16.165,16.32,15.92262096,10739126,0.0000,1.0
2022-03-11,16.5,16.69,16.385,16.55,16.1470206427,11139400,0.0000,1.0
2022-03-10,16.07,16.375,15.98,16.36,15.9616469918,10586363,0.1200,1.0
2022-03-09,16.44,16.5775,16.3,16.37,15.8551068723,12569672,0.0000,1.0
2022-03-08,16.09,16.575,16.07,16.09,15.5839138409,12353539,0.0000,1.0
2022-03-07,16.4,16.43,15.73,15.77,15.2739789479,9691719,0.0000,1.0
2022-03-04,16.35,16.45,16.1,16.42,15.9035341994,10468318,0.0000,1.0
2022-03-03,17.01,17.02,16.59,16.75,16.2231545578,16233123,0.0000,1.0
2022-03-02,16.22,17.18,16.15,16.99,16.4556057276,20561038,0.0000,1.0
2022-03-01,15.94,16.05,15.265,15.41,14.9253021932,14194368,0.0000,1.0
2022-02-28,15.75,15.98,15.58,15.92,15.419260929,18104453,0.0000,1.0
2022-02-25,16.02,16.16,15.46,16.02,15.5161155831,18758649,0.0000,1.0
2022-02-24,16.14,16.29,15.75,16.25,15.7388812874,11558388,0.0000,1.0
2022-02-23,17.07,17.11,16.54,16.62,16.0972435075,7846215,0.0000,1.0
2022-02-22,17.18,17.42,16.76,16.94,16.4071784006,11403521,0.0000,1.0
2022-02-18,17.24,17.51,17.16,17.33,16.7849115515,9651986,0.0000,1.0
2022-02-17,17.44,17.54,17.19,17.24,16.6977423628,8985772,0.0000,1.0
2022-02-16,17.29,17.72,17.27,17.64,17.0851609791,8063367,0.0000,1.0
2022-02-15,17.01,17.47,16.96,17.38,16.8333388785,7447103,0.0000,1.0
2022-02-14,17.27,17.3,16.72,16.87,16.3393801427,9019392,0.0000,1.0
2022-02-11,17.35,17.585,17.08,17.2,16.6590005012,8804607,0.0000,1.0
2022-02-10,17.2,17.76,17.16,17.35,16.8042824823,9406346,0.0000,1.0
2022-02-09,17.19,17.32,17.1,17.3,16.7558551552,8012170,0.0000,1.0
2022-02-08,17.1,17.15,16.92,17.1,16.5621458471,6457552,0.0000,1.0
2022-02-07,17.0,17.05,16.79,16.93,16.3974929352,6955365,0.0000,1.0
2022-02-04,16.81,17.01,16.63,16.84,16.3103237465,6702530,0.0000,1.0
2022-02-03,16.96,17.15,16.83,16.85,16.3200092119,7035118,0.0000,1.0
2022-02-02,16.735,17.08,16.7,17.03,16.4943475892,8890019,0.0000,1.0
2022-02-01,16.36,16.86,16.29,16.81,16.2812673503,10422539,0.0000,1.0
2022-01-31,16.09,16.39,15.8819,16.33,15.8163650107,16818390,0.0000,1.0
2022-01-28,15.72,16.14,15.675,16.13,15.6226557025,11142127,0.0000,1.0
2022-01-27,16.01,16.32,15.62,15.81,15.3127208095,12858998,0.0000,1.0
2022-01-26,16.07,16.15,15.62,15.84,15.3417772057,10817132,0.0000,1.0
2022-01-25,15.92,15.99,15.4,15.89,15.3902045328,11657122,0.0000,1.0
2022-01-24,15.845,16.13,15.45,16.1,15.5935993063,11759661,0.0000,1.0
2022-01-21,16.68,16.69,16.11,16.14,15.6323411679,10121405,0.0000,1.0
2022-01-20,16.845,17.03,16.51,16.67,16.1456708346,18906183,0.0000,1.0
2022-01-19,17.3,17.38,16.715,16.74,16.2134690924,11759099,0.0000,1.0
2022-01-18,17.51,17.6,17.195,17.32,16.7752260861,10276227,0.0000,1.0
2022-01-14,17.37,17.6,17.17,17.56,17.0076772558,8547172,0.0000,1.0
2022-01-13,17.25,17.595,17.07,17.49,16.939878998,9726860,0.0000,1.0
2022-01-12,17.14,17.305,16.96,17.15,16.6105731741,7975747,0.0000,1.0
2022-01-11,17.12,17.12,16.79,17.04,16.5040330546,16455079,0.0000,1.0
2022-01-10,17.2,17.335,16.74,17.0,16.465291193,15250042,0.0000,1.0
2022-01-07,16.98,17.24,16.98,17.13,16.5912022433,10482700,0.0000,1.0
2022-01-06,17.1,17.15,16.77,16.97,16.4362347968,8571902,0.0000,1.0
2022-01-05,16.85,17.347,16.84,16.89,16.3587510735,10922696,0.0000,1.0
2022-01-04,16.33,16.965,16.33,16.83,16.3006382811,16823599,0.0000,1.0
2022-01-03,15.89,16.235,15.89,16.14,15.6323411679,8569087,0.0000,1.0
2021-12-31,15.9,16.0053,15.75,15.77,15.2739789479,4313649,0.0000,1.0
2021-12-30,16.02,16.18,15.86,15.89,15.3902045328,6608209,0.0000,1.0
2021-12-29,15.97,16.215,15.94,16.07,15.5645429101,5867295,0.0000,1.0
2021-12-28,15.9,16.045,15.85,15.97,15.467688256,6011828,0.0000,1.0
2021-12-27,15.75,15.97,15.7,15.92,15.419260929,4456365,0.0000,1.0
2021-12-23,15.63,15.875,15.57,15.76,15.2642934825,6735670,0.0000,1.0
2021-12-22,15.42,15.56,15.28,15.55,15.0608987089,6693805,0.0000,1.0
2021-12-21,14.985,15.425,14.985,15.42,14.9349876586,9422211,0.0000,1.0
2021-12-20,14.9,14.96,14.595,14.85,14.3829161304,11378502,0.0000,1.0
2021-12-17,14.96,15.155,14.8,15.08,14.6056818347,17967482,0.0000,1.0
2021-12-16,14.94,15.185,14.79,14.95,14.4797707844,11932543,0.0000,1.0
2021-12-15,14.64,14.82,14.5,14.79,14.3248033379,10934675,0.0000,1.0
2021-12-14,14.62,14.94,14.55,14.57,14.1117230989,13978367,0.0000,1.0
2021-12-13,15.17,15.23,14.61,14.79,14.3248033379,10867647,0.0000,1.0
2021-12-10,15.55,15.61,15.12,15.21,14.731592885,9774344,0.0000,1.0
2021-12-09,15.42,15.515,15.3,15.38,14.896245797,8568962,0.1200,1.0
2021-12-08,15.55,15.8,15.47,15.58,14.9731296462,11366835,0.0000,1.0
2021-12-07,15.3,15.61,15.09,15.47,14.8674143535,14903132,0.0000,1.0
2021-12-06,15.36,15.54,15.105,15.12,14.5310475129,12473734,0.0000,1.0
2021-12-03,15.12,15.64,14.9,15.17,14.5790999187,19438781,0.0000,1.0
2021-12-02,14.29,15.115,14.22,14.99,14.4061112578,14524872,0.0000,1.0
2021-12-01,14.03,14.56,13.86,14.21,13.6564937274,22223501,0.0000,1.0
2021-11-30,14.58,14.64,14.11,14.35,13.7910404636,24940967,0.0000,1.0
2021-11-29,14.55,14.71,14.33,14.61,14.0409129738,12343495,0.0000,1.0
2021-11-26,14.44,14.5358,14.23,14.43,13.8679243129,6651843,0.0000,1.0
2021-11-24,14.87,15.04,14.8,14.86,14.2811750028,10158314,0.0000,1.0
2021-11-23,14.72,14.835,14.6342,14.81,14.233122597,9199285,0.0000,1.0
2021-11-22,14.49,14.98,14.44,14.77,14.1946806723,10327475,0.0000,1.0
2021-11-19,14.55,14.59,14.335,14.39,13.8294823883,7240185,0.0000,1.0
2021-11-18,14.55,14.645,14.31,14.61,14.0409129738,6270321,0.0000,1.0
2021-11-17,14.57,14.705,14.44,14.55,13.9832500868,7534195,0.0000,1.0
2021-11-16,14.73,14.815,14.54,14.58,14.0120815303,7699998,0.0000,1.0
2021-11-15,14.62,14.765,14.415,14.7,14.1274073042,10511468,0.0000,1.0
2021-11-12,15.28,15.35,14.57,14.64,14.0697444173,19096522,0.0000,1.0
2021-11-11,15.78,15.95,15.73,15.94,15.319106968,4824677,0.0000,1.0
2021-11-10,15.53,15.91,15.49,15.72,15.1076763825,9485727,0.0000,1.0
2021-11-09,15.4,15.6,15.37,15.53,14.9250772404,4880437,0.0000,1.0
2021-11-08,15.5,15.65,15.41,15.44,14.83858291,6074456,0.0000,1.0
2021-11-05,15.34,15.52,15.33,15.46,14.8578038723,8812410,0.0000,1.0
2021-11-04,15.23,15.36,15.14,15.27,14.6752047303,8520286,0.0000,1.0
2021-11-03,15.18,15.445,15.11,15.28,14.6848152115,8440237,0.0000,1.0
2021-11-02,15.0,15.255,14.95,15.24,14.6463732868,12262448,0.0000,1.0
2021-11-01,14.73,15.02,14.69,14.96,14.3772798144,9538181,0.0000,1.0
2021-10-29,14.78,15.095,14.64,14.65,14.0793548984,16770834,0.0000,1.0
2021-10-28,14.61,14.9105,14.48,14.76,14.1850701912,11965246,0.0000,1.0
2021-10-27,14.86,14.86,14.475,14.58,14.0120815303,11529750,0.0000,1.0
2021-10-26,15.45,15.46,14.75,14.88,14.3003959651,18426827,0.0000,1.0
2021-10-25,15.41,15.5,15.35,15.41,14.8097514665,9772608,0.0000,1.0
2021-10-22,15.46,15.69,15.36,15.36,14.7616990607,11745155,0.0000,1.0
2021-10-21,15.41,15.65,15.29,15.49,14.8866353158,9633279,0.0000,1.0
2021-10-20,15.38,15.66,15.3091,15.49,14.8866353158,8391638,0.0000,1.0
2021-10-19,15.21,15.445,15.095,15.37,14.7713095419,9862146,0.0000,1.0
2021-10-18,15.03,15.34,15.0,15.11,14.5214370318,7891572,0.0000,1.0
2021-10-15,15.12,15.29,15.12,15.15,14.5598789564,7634276,0.0000,1.0
2021-10-14,14.76,15.06,14.74,15.05,14.4637741448,6386282,0.0000,1.0
2021-10-13,14.68,14.825,14.52,14.72,14.1466282665,8427697,0.0000,1.0
2021-10-12,14.89,14.89,14.64,14.7,14.1274073042,8642613,0.0000,1.0
2021-10-11,14.85,15.08,14.8,14.86,14.2811750028,7033708,0.0000,1.0
2021-10-08,14.88,15.06,14.77,14.83,14.2523435593,7742820,0.0000,1.0
2021-10-07,14.86,14.95,14.75,14.77,14.1946806723,10950870,0.0000,1.0
2021-10-06,14.8,14.9169,14.45,14.71,14.1370177854,14791766,0.0000,1.0
2021-10-05,14.95,15.15,14.78,15.03,14.4445531825,13140055,0.0000,1.0
2021-10-04,14.65,15.045,14.59,14.85,14.2715645216,13567120,0.0000,1.0
2021-10-01,14.34,14.7,14.32,14.62,14.0505234549,9176444,0.0000,1.0
2021-09-30,14.23,14.72,14.22,14.25,13.694935652,19163908,0.0000,1.0
2021-09-29,14.17,14.245,14.0,14.09,13.5411679535,9832350,0.0000,1.0
2021-09-28,14.0,14.34,13.99,14.18,13.6276622839,10810799,0.0000,1.0
2021-09-27,13.41,14.185,13.41,14.0,13.4546736231,12385664,0.0000,1.0
2021-09-24,13.36,13.58,13.35,13.41,12.8876552347,5792256,0.0000,1.0
2021-09-23,13.25,13.6,13.22,13.44,12.9164866781,6825697,0.0000,1.0
2021-09-22,13.08,13.29,13.08,13.16,12.6473932057,7783293,0.0000,1.0
2021-09-21,13.35,13.41,12.99,13.01,12.5032359883,9342294,0.0000,1.0
2021-09-20,13.27,13.4,13.08,13.28,12.7627189796,10765540,0.0000,1.0
2021-09-17,13.51,13.605,13.35,13.55,13.0222019709,26241831,0.0000,1.0
2021-09-16,13.75,13.85,13.635,13.66,13.1279172636,8015312,0.0000,1.0
2021-09-15,13.75,13.87,13.6444,13.74,13.2048011129,16081314,0.0000,1.0
2021-09-14,14.4,14.41,13.71,13.75,13.2144115941,12737467,0.0000,1.0
2021-09-13,14.35,14.38,14.13,14.3,13.7429880578,15522934,0.0000,1.0
2021-09-10,14.55,14.6464,14.285,14.31,13.752598539,7289677,0.1200,1.0
2021-09-09,14.49,14.745,14.46,14.66,13.9718014263,8603465,0.0000,1.0
2021-09-08,14.96,15.03,14.51,14.54,13.8574347025,11716189,0.0000,1.0
2021-09-07,15.4,15.48,14.98,15.02,14.3149015978,12803010,0.0000,1.0
2021-09-03,15.575,15.89,15.39,15.48,14.7533073724,14355387,0.0000,1.0
2021-09-02,15.41,15.485,15.24,15.39,14.6675323295,11049783,0.0000,1.0
2021-09-01,15.5,15.53,15.21,15.34,14.619879528,8203103,0.0000,1.0
2021-08-31,15.35,15.53,15.325,15.46,14.7342462518,10701666,0.0000,1.0
2021-08-30,15.47,15.54,15.23,15.31,14.591287847,6611848,0.0000,1.0
2021-08-27,15.1,15.49,14.99,15.42,14.6961240105,9472399,0.0000,1.0
2021-08-26,15.23,15.542,15.105,15.12,14.410207201,11897522,0.0000,1.0
2021-08-25,14.84,15.229,14.81,15.11,14.4006766406,5934298,0.0000,1.0
2021-08-24,14.77,14.9,14.635,14.84,14.143351512,4760173,0.0000,1.0
2021-08-23,14.63,14.8,14.55,14.7,14.0099236676,5114444,0.0000,1.0
2021-08-20,14.4,14.59,14.35,14.58,13.8955569438,3944750,0.0000,1.0
2021-08-19,14.58,14.63,14.27,14.38,13.7049457374,7395399,0.0000,1.0
2021-08-18,14.85,14.96,14.7,14.71,14.0194542279,6290216,0.0000,1.0
2021-08-17,14.92,14.96,14.65,14.92,14.2195959946,7972970,0.0000,1.0
2021-08-16,14.9,15.03,14.66,15.0,14.2958404771,6356924,0.0000,1.0
2021-08-13,15.2,15.2,14.96,14.98,14.2767793565,5143108,0.0000,1.0
2021-08-12,15.21,15.25,15.035,15.21,14.4959822438,3992979,0.0000,1.0
2021-08-11,14.89,15.28,14.74,15.19,14.4769211232,6561096,0.0000,1.0
2021-08-10,14.7,14.83,14.63,14.82,14.1242903914,6879972,0.0000,1.0
2021-08-09,14.86,14.8601,14.65,14.72,14.0289847882,4390970,0.0000,1.0
2021-08-06,14.79,14.98,14.77,14.87,14.171943193,3664033,0.0000,1.0
2021-08-05,14.78,14.84,14.635,14.69,14.0003931073,4851385,0.0000,1.0
2021-08-04,14.7,14.81,14.545,14.66,13.9718014263,10097202,0.0000,1.0
2021-08-03,14.58,14.88,14.33,14.85,14.1528820724,5425838,0.0000,1.0
2021-08-02,14.59,14.87,14.48,14.49,13.8097819009,7937007,0.0000,1.0
2021-07-30,14.44,14.57,14.395,14.5,13.8193124612,8153834,0.0000,1.0
2021-07-29,14.63,14.68,14.47,14.55,13.8669652628,6438904,0.0000,1.0
2021-07-28,14.5,14.55,14.205,14.46,13.78119022,6465906,0.0000,1.0
2021-07-27,14.24,14.4,14.07,14.34,13.6668234961,6485195,0.0000,1.0
2021-07-26,14.34,14.67,14.34,14.43,13.752598539,11046941,0.0000,1.0
2021-07-23,14.06,14.1569,13.98,14.1,13.4380900485,6787254,0.0000,1.0
2021-07-22,14.18,14.21,13.925,14.02,13.361845566,9795369,0.0000,1.0
2021-07-21,14.07,14.255,13.96,14.23,13.5619873326,12163418,0.0000,1.0
2021-07-20,13.69,14.01,13.67,13.97,13.3141927644,9144791,0.0000,1.0
2021-07-19,13.56,13.745,13.48,13.67,13.0282759548,13289633,0.0000,1.0
2021-07-16,14.21,14.24,13.82,13.86,13.2093566009,9645650,0.0000,1.0
2021-07-15,13.89,14.14,13.87,14.07,13.4094983676,12683079,0.0000,1.0
2021-07-14,13.89,14.22,13.81,14.01,13.3523150056,10422469,0.0000,1.0
2021-07-13,14.39,14.41,13.685,13.76,13.1140509977,15287309,0.0000,1.0
2021-07-12,14.5,14.56,14.4,14.47,13.7907207803,5872307,0.0000,1.0
2021-07-09,14.49,14.62,14.42,14.58,13.8955569438,5304642,0.0000,1.0
2021-07-08,14.15,14.41,14.0306,14.3,13.6287012549,7951286,0.0000,1.0
2021-07-07,14.35,14.57,14.3,14.44,13.7621290993,7674429,0.0000,1.0
2021-07-06,14.71,14.73,14.3,14.35,13.6763540565,7866552,0.0000,1.0
2021-07-02,14.74,14.75,14.58,14.71,14.0194542279,4435069,0.0000,1.0
2021-07-01,14.72,14.81,14.595,14.7,14.0099236676,8281977,0.0000,1.0
2021-06-30,14.5,14.63,14.45,14.58,13.8955569438,7333883,0.0000,1.0
2021-06-29,14.62,14.705,14.46,14.53,13.8479041422,5964151,0.0000,1.0
2021-06-28,14.72,14.74,14.47,14.53,13.8479041422,6312842,0.0000,1.0
2021-06-25,14.59,14.795,14.58,14.74,14.0480459089,7595657,0.0000,1.0
2021-06-24,14.62,14.62,14.485,14.62,13.933679185,6649627,0.0000,1.0
2021-06-23,14.64,14.64,14.415,14.46,13.78119022,9421666,0.0000,1.0
2021-06-22,14.68,14.765,14.495,14.61,13.9241486247,9002367,0.0000,1.0
2021-06-21,14.54,14.89,14.5,14.73,14.0385153485,7972885,0.0000,1.0
2021-06-18,14.53,14.575,14.31,14.45,13.7716596596,23705582,0.0000,1.0
2021-06-17,15.57,15.64,14.62,14.75,14.0575764692,15591084,0.0000,1.0
2021-06-16,15.62,15.71,15.49,15.56,14.829551855,7864928,0.0000,1.0
2021-06-15,15.64,15.75,15.54,15.63,14.8962657772,7527247,0.1200,1.0
2021-06-14,15.95,16.05,15.65,15.72,14.8678919376,8249239,0.0000,1.0
2021-06-11,15.66,15.89,15.65,15.89,15.0286770285,7602272,0.0000,1.0
2021-06-10,15.74,15.81,15.5629,15.63,14.7827704189,6340459,0.0000,1.0
2021-06-09,15.98,15.99,15.605,15.65,14.8016863119,9019377,0.0000,1.0
2021-06-08,15.9,16.08,15.75,16.0,15.1327144403,7095067,0.0000,1.0
2021-06-07,16.23,16.315,15.83,15.9,15.0381349751,8055780,0.0000,1.0
2021-06-04,15.92,16.23,15.86,16.22,15.3407892639,10221304,0.0000,1.0
2021-06-03,15.99,16.02,15.8301,15.9,15.0381349751,9960956,0.0000,1.0
2021-06-02,15.87,16.19,15.775,16.07,15.198920066,18204318,0.0000,1.0
2021-06-01,16.14,16.23,15.89,16.09,15.217835959,11694171,0.0000,1.0
2021-05-28,16.39,16.425,15.92,15.96,15.0948826542,11684858,0.0000,1.0
2021-05-27,16.35,16.54,16.2,16.34,15.4542846222,15352114,0.0000,1.0
2021-05-26,16.09,16.3,16.04,16.24,15.3597051569,9779082,0.0000,1.0
2021-05-25,16.31,16.38,16.02,16.05,15.1800041729,8726388,0.0000,1.0
2021-05-24,16.35,16.45,16.24,16.36,15.4732005152,5594526,0.0000,1.0
2021-05-21,16.2,16.36,16.15,16.23,15.3502472104,6660947,0.0000,1.0
2021-05-20,16.11,16.23,15.89,16.11,15.2367518521,7911704,0.0000,1.0
2021-05-19,16.12,16.14,15.81,16.12,15.2462097986,7144750,0.0000,1.0
2021-05-18,16.5,16.61,16.31,16.33,15.4448266756,7610766,0.0000,1.0
2021-05-17,16.34,16.61,16.26,16.54,15.6434435527,10354282,0.0000,1.0
2021-05-14,16.19,16.34,16.01,16.26,15.37862105,7242604,0.0000,1.0
2021-05-13,15.69,16.14,15.62,16.07,15.198920066,7398216,0.0000,1.0
2021-05-12,16.28,16.28,15.635,15.68,14.8300601515,9243128,0.0000,1.0
2021-05-11,16.02,16.27,15.92,16.17,15.2934995312,6875231,0.0000,1.0
2021-05-10,16.5,16.74,16.38,16.41,15.5204902478,8074331,0.0000,1.0
2021-05-07,16.34,16.56,16.1906,16.48,15.5866958735,8737634,0.0000,1.0
2021-05-06,16.02,16.38,15.905,16.37,15.4826584617,8715742,0.0000,1.0
2021-05-05,15.91,16.06,15.72,15.96,15.0948826542,7480600,0.0000,1.0
2021-05-04,16.0,16.06,15.7546,15.87,15.0097611355,8524825,0.0000,1.0
2021-05-03,16.04,16.19,15.86,16.02,15.1516303334,8367348,0.0000,1.0
2021-04-30,16.34,16.34,15.895,16.02,15.1516303334,12525961,0.0000,1.0
2021-04-29,16.34,16.455,16.2,16.37,15.4826584617,9696678,0.0000,1.0
2021-04-28,16.21,16.285,16.08,16.15,15.2745836382,8810258,0.0000,1.0
2021-04-27,16.28,16.33,16.09,16.2,15.3218733708,9498555,0.0000,1.0
2021-04-26,16.39,16.6,16.185,16.23,15.3502472104,15533860,0.0000,1.0
2021-04-23,16.04,16.48,15.95,16.42,15.5299481944,19608449,0.0000,1.0
2021-04-22,16.0,16.44,15.9,16.0,15.1327144403,29016031,0.0000,1.0
2021-04-21,15.75,16.1,15.67,15.99,15.1232564938,33335886,0.0000,1.0
2021-04-20,16.01,16.04,15.66,15.75,14.8962657772,6549288,0.0000,1.0
2021-04-19,15.95,16.035,15.865,15.96,15.0948826542,9789709,0.0000,1.0
2021-04-16,15.93,16.08,15.9,15.95,15.0854247077,9283879,0.0000,1.0
2021-04-15,15.91,16.0056,15.795,15.84,14.9813872959,10702501,0.0000,1.0
2021-04-14,15.62,15.96,15.62,15.78,14.9246396168,7802391,0.0000,1.0
2021-04-13,15.8,15.82,15.55,15.67,14.820602205,8504540,0.0000,1.0
2021-04-12,15.8,15.9,15.72,15.82,14.9624714029,8039309,0.0000,1.0
2021-04-09,15.75,15.86,15.67,15.79,14.9340975633,10800783,0.0000,1.0
2021-04-08,15.9,15.95,15.64,15.74,14.8868078307,7950324,0.0000,1.0
2021-04-07,15.9,16.02,15.78,15.9,15.0381349751,7077011,0.0000,1.0
2021-04-06,15.86,15.97,15.79,15.92,15.0570508681,9396597,0.0000,1.0
2021-04-05,15.73,16.02,15.58,15.91,15.0475929216,12192850,0.0000,1.0
2021-04-01,15.78,15.82,15.54,15.7,14.8489760446,12195014,0.0000,1.0
2021-03-31,15.78,15.92,15.7,15.74,14.8868078307,11860283,0.0000,1.0
2021-03-30,15.69,15.85,15.65,15.78,14.9246396168,8423501,0.0000,1.0
2021-03-29,15.93,16.071,15.64,15.66,14.8111442585,9186381,0.0000,1.0
2021-03-26,15.47,16.03,15.42,16.01,15.1421723868,11838868,0.0000,1.0
2021-03-25,14.68,15.43,14.65,15.34,14.5084899696,12559041,0.0000,1.0
2021-03-24,14.91,15.18,14.73,14.76,13.9599290712,7796462,0.0000,1.0
2021-03-23,15.28,15.33,14.64,14.76,13.9599290712,9228226,0.0000,1.0
2021-03-22,15.25,15.43,15.11,15.34,14.5084899696,8064663,0.0000,1.0
2021-03-19,15.52,15.555,15.27,15.28,14.4517422905,20385115,0.0000,1.0
2021-03-18,15.92,16.1,15.535,15.58,14.7354806862,13271391,0.0000,1.0
2021-03-17,15.78,16.03,15.68,16.03,15.1610882799,10421377,0.0000,1.0
2021-03-16,16.0,16.025,15.575,15.74,14.8868078307,10772358,0.0000,1.0
2021-03-15,15.66,16.14,15.66,16.05,15.1800041729,11627401,0.0000,1.0
2021-03-12,15.65,15.96,15.61,15.81,14.9530134563,14179667,0.0000,1.0
2021-03-11,15.1,15.55,15.0334,15.5,14.659817114,11714415,0.0000,1.0
2021-03-10,15.05,15.27,14.775,15.15,14.3287889857,10269055,0.0000,1.0
2021-03-09,14.64,15.19,14.52,14.86,14.0545085364,14777916,0.1200,1.0
2021-03-08,14.45,14.96,14.395,14.81,13.8950114436,11783828,0.0000,1.0
2021-03-05,14.12,14.52,13.99,14.4,13.5103419843,14684123,0.0000,1.0
2021-03-04,14.52,14.67,13.485,14.04,13.1725834347,20112880,0.0000,1.0
2021-03-03,14.97,15.0599,14.22,14.56,13.6604568952,24620048,0.0000,1.0
2021-03-02,14.61,14.65,14.36,14.5,13.6041638036,13984056,0.0000,1.0
2021-03-01,14.83,14.975,14.55,14.6,13.697985623,14612324,0.0000,1.0
2021-02-26,14.5,14.7654,14.31,14.56,13.6604568952,16788599,0.0000,1.0
2021-02-25,14.77,14.89,14.405,14.49,13.5947816217,14541532,0.0000,1.0
2021-02-24,14.52,14.875,14.5,14.84,13.9231579894,8254661,0.0000,1.0
2021-02-23,14.5,14.54,14.175,14.47,13.5760172578,13425225,0.0000,1.0
2021-02-22,14.05,14.69,14.032,14.47,13.5760172578,13799243,0.0000,1.0
2021-02-19,14.08,14.235,14.015,14.13,13.2570230721,8411944,0.0000,1.0
2021-02-18,13.91,14.01,13.84,13.94,13.0787616153,7934508,0.0000,1.0
2021-02-17,14.27,14.29,13.84,14.0,13.1350547069,12411962,0.0000,1.0
2021-02-16,14.43,14.58,14.19,14.3,13.416520165,14379448,0.0000,1.0
2021-02-12,14.22,14.4,14.1232,14.38,13.4915776204,7384283,0.0000,1.0
2021-02-11,13.91,14.27,13.85,14.19,13.3133161637,12300818,0.0000,1.0
2021-02-10,13.88,14.14,13.685,13.96,13.0975259792,17031440,0.0000,1.0
2021-02-09,13.57,13.685,13.411,13.6,12.7597674296,5809204,0.0000,1.0
2021-02-08,13.09,13.53,13.08,13.5,12.6659456103,9014887,0.0000,1.0
2021-02-05,12.99,13.2,12.925,13.14,12.3281870607,7572087,0.0000,1.0
2021-02-04,12.74,12.985,12.66,12.96,12.1593077859,6223727,0.0000,1.0
2021-02-03,12.3,12.84,12.27,12.72,11.9341354195,7341784,0.0000,1.0
2021-02-02,12.5,12.55,12.25,12.35,11.5869946879,6587438,0.0000,1.0
2021-02-01,12.43,12.53,12.18,12.38,11.6151412337,7227008,0.0000,1.0
2021-01-29,12.51,12.71,12.18,12.34,11.577612506,11396516,0.0000,1.0
2021-01-28,13.1,13.11,12.56,12.56,11.7840205085,10760857,0.0000,1.0
2021-01-27,12.09,13.15,12.06,13.07,12.2625117871,20717755,0.0000,1.0
2021-01-26,12.35,12.39,12.015,12.22,11.4650263228,5967713,0.0000,1.0
2021-01-25,12.08,12.3,11.845,12.3,11.5400837782,9483456,0.0000,1.0
2021-01-22,12.09,12.16,11.8,12.14,11.3899688673,10126768,0.0000,1.0
2021-01-21,12.34,12.35,12.155,12.26,11.5025550505,7016697,0.0000,1.0
2021-01-20,12.3,12.42,12.26,12.34,11.577612506,4825597,0.0000,1.0
2021-01-19,12.59,12.655,12.27,12.31,11.5494659602,9202843,0.0000,1.0
2021-01-15,12.65,12.88,12.36,12.54,11.7652561447,12836944,0.0000,1.0
2021-01-14,12.24,12.56,12.16,12.48,11.7089630531,9784749,0.0000,1.0
2021-01-13,12.16,12.245,12.02,12.17,11.4181154131,9528466,0.0000,1.0
2021-01-12,12.04,12.23,11.95,12.14,11.3899688673,7106755,0.0000,1.0
2021-01-11,11.7,12.08,11.67,11.97,11.2304717744,7677936,0.0000,1.0
2021-01-08,11.98,12.03,11.765,11.88,11.146032137,10151157,0.0000,1.0
2021-01-07,12.16,12.24,11.945,11.97,11.2304717744,10019877,0.0000,1.0
2021-01-06,11.96,12.25,11.92,12.04,11.296147048,9752389,0.0000,1.0
2021-01-05,11.57,11.87,11.57,11.78,11.0522103177,10969207,0.0000,1.0
2021-01-04,11.9,12.0,11.53,11.57,10.8551844971,8007244,0.0000,1.0
2020-12-31,11.67,11.88,11.64,11.85,11.1178855912,5700952,0.0000,1.0
2020-12-30,11.66,11.82,11.63,11.68,10.9583884984,4647511,0.0000,1.0
2020-12-29,11.84,11.85,11.57,11.67,10.9490063164,5717132,0.0000,1.0
2020-12-28,11.77,12.055,11.745,11.79,11.0615924996,6270425,0.0000,1.0
2020-12-24,11.83,11.835,11.66,11.76,11.0334459538,2539933,0.0000,1.0
2020-12-23,11.66,11.875,11.66,11.75,11.0240637719,6112839,0.0000,1.0
2020-12-22,11.75,11.794,11.58,11.61,10.8927132248,6655727,0.0000,1.0
2020-12-21,11.85,11.87,11.56,11.67,10.9490063164,12089552,0.0000,1.0
2020-12-18,12.16,12.33,12.03,12.12,11.3712045034,24725578,0.0000,1.0
2020-12-17,12.16,12.255,12.06,12.18,11.427497595,7487300,0.0000,1.0
2020-12-16,12.2,12.27,11.99,12.16,11.4087332312,13599832,0.0000,1.0
2020-12-15,12.0,12.18,11.815,12.17,11.4181154131,10241739,0.0000,1.0
2020-12-14,11.97,12.25,11.84,11.87,11.1366499551,9494537,0.0000,1.0
2020-12-11,11.98,12.165,11.96,11.99,11.2492361383,6710269,0.0000,1.0
2020-12-10,11.97,12.25,11.92,12.12,11.3712045034,7837160,0.0000,1.0
2020-12-09,12.04,12.37,12.03,12.13,11.3805866854,10536829,0.0000,1.0
2020-12-08,11.9,12.15,11.79,12.1,11.3524401396,8063433,0.1200,1.0
2020-12-07,12.18,12.3,11.96,12.08,11.2223794506,9026225,0.0000,1.0
2020-12-04,11.71,12.34,11.69,12.34,11.4639207301,12847743,0.0000,1.0
2020-12-03,11.52,11.84,11.37,11.61,10.7857471375,13842070,0.0000,1.0
2020-12-02,11.11,11.52,11.0,11.52,10.7021366946,20679429,0.0000,1.0
2020-12-01,11.14,11.395,11.005,11.2,10.4048551197,17030659,0.0000,1.0
2020-11-30,11.28,11.39,10.945,11.04,10.2562143323,18573807,0.0000,1.0
2020-11-27,11.2,11.42,11.05,11.22,10.4234352182,5332882,0.0000,1.0
2020-11-25,11.44,11.47,11.18,11.24,10.4420153166,10258144,0.0000,1.0
2020-11-24,11.24,11.68,11.135,11.53,10.7114267438,12172824,0.0000,1.0
2020-11-23,10.59,11.1,10.5,11.07,10.28408448,10203257,0.0000,1.0
2020-11-20,10.48,10.495,10.34,10.47,9.72668152712,7702167,0.0000,1.0
2020-11-19,10.47,10.56,10.35,10.49,9.74526162555,9531531,0.0000,1.0
2020-11-18,10.53,10.82,10.49,10.5,9.75455167476,9212011,0.0000,1.0
2020-11-17,10.44,10.53,10.25,10.48,9.73597157633,8296971,0.0000,1.0
2020-11-16,10.48,10.72,10.33,10.63,9.87532231454,13695648,0.0000,1.0
2020-11-13,9.77,10.18,9.73,10.14,9.42010990305,10677126,0.0000,1.0
2020-11-12,9.89,9.9082,9.53,9.67,8.98347758999,14318604,0.0000,1.0
2020-11-11,9.92,9.95,9.7,9.95,9.24359896799,10516364,0.0000,1.0
2020-11-10,9.77,10.0,9.75,9.91,9.20643877113,14920717,0.0000,1.0
2020-11-09,9.55,9.96,9.49,9.73,9.03921788528,19918759,0.0000,1.0
2020-11-06,9.25,9.345,9.09,9.19,8.53755522772,10262421,0.0000,1.0
2020-11-05,8.975,9.37,8.96,9.28,8.62116567064,11201024,0.0000,1.0
2020-11-04,9.29,9.29,8.82,8.82,8.1938234068,21370414,0.0000,1.0
2020-11-03,9.04,9.34,9.02,9.32,8.6583258675,12712129,0.0000,1.0
2020-11-02,8.79,8.97,8.645,8.91,8.27743384972,11066330,0.0000,1.0
2020-10-30,8.44,8.65,8.4,8.64,8.02660252094,12125828,0.0000,1.0
2020-10-29,8.36,8.6,8.285,8.53,7.92441197959,12799141,0.0000,1.0
2020-10-28,8.57,8.68,8.36,8.37,7.77577119217,13043502,0.0000,1.0
2020-10-27,9.0,9.035,8.79,8.8,8.17524330837,12446133,0.0000,1.0
2020-10-26,9.36,9.4,8.955,9.06,8.41678458794,13765986,0.0000,1.0
2020-10-23,9.51,9.56,9.39,9.48,8.80696665493,7366114,0.0000,1.0
2020-10-22,9.32,9.5,9.225,9.46,8.7883865565,8138097,0.0000,1.0
2020-10-21,9.35,9.39,9.2225,9.32,8.6583258675,8303309,0.0000,1.0
2020-10-20,9.4,9.55,9.33,9.34,8.67690596593,7226254,0.0000,1.0
2020-10-19,9.53,9.585,9.34,9.35,8.68619601514,9550333,0.0000,1.0
2020-10-16,9.96,10.03,9.46,9.48,8.80696665493,15991989,0.0000,1.0
2020-10-15,9.67,9.88,9.62,9.88,9.17856862349,7045920,0.0000,1.0
2020-10-14,9.78,9.93,9.74,9.76,9.06708803292,6670006,0.0000,1.0
2020-10-13,9.84,9.955,9.7,9.78,9.08566813135,7553129,0.0000,1.0
2020-10-12,9.83,9.94,9.715,9.93,9.22501886956,6836524,0.0000,1.0
2020-10-09,10.05,10.08,9.74,9.81,9.11353827899,7921147,0.0000,1.0
2020-10-08,9.8,10.07,9.8,9.99,9.28075916484,14149264,0.0000,1.0
2020-10-07,9.66,9.79,9.655,9.77,9.07637808213,6407549,0.0000,1.0
2020-10-06,9.81,9.905,9.52,9.56,8.88128704864,10267126,0.0000,1.0
2020-10-05,9.51,9.79,9.5,9.77,9.07637808213,12705328,0.0000,1.0
2020-10-02,9.05,9.455,9.05,9.42,8.75122635964,9226979,0.0000,1.0
2020-10-01,9.43,9.445,9.15,9.23,8.57471542457,8777881,0.0000,1.0
2020-09-30,9.4,9.54,9.3,9.37,8.70477611357,8426616,0.0000,1.0
2020-09-29,9.5,9.56,9.32,9.38,8.71406616278,7850871,0.0000,1.0
2020-09-28,9.26,9.5,9.24,9.48,8.80696665493,13486257,0.0000,1.0
2020-09-25,9.08,9.17,8.92,9.11,8.46323483401,10650631,0.0000,1.0
2020-09-24,9.02,9.235,8.835,9.13,8.48181493243,11040317,0.0000,1.0
2020-09-23,9.31,9.49,9.06,9.07,8.42607463715,9145820,0.0000,1.0
2020-09-22,9.28,9.36,9.17,9.31,8.64903581829,9640475,0.0000,1.0
2020-09-21,9.3,9.32,9.095,9.23,8.57471542457,17300380,0.0000,1.0
2020-09-18,9.61,9.63,9.425,9.5,8.82554675335,15150963,0.0000,1.0
2020-09-17,9.32,9.64,9.29,9.63,8.94631739314,10690467,0.0000,1.0
2020-09-16,9.36,9.67,9.29,9.47,8.79767660571,12250810,0.0000,1.0
2020-09-15,9.31,9.44,9.265,9.28,8.62116567064,6831325,0.0000,1.0
2020-09-14,9.32,9.47,9.27,9.37,8.70477611357,10829071,0.0000,1.0
2020-09-11,9.27,9.275,9.1,9.24,8.58400547379,10212859,0.0000,1.0
2020-09-10,9.48,9.55,9.18,9.22,8.56542537536,9992992,0.0000,1.0
2020-09-09,9.58,9.58,9.33,9.46,8.7883865565,10452404,0.0000,1.0
2020-09-08,9.35,9.68,9.2803,9.43,8.76051640886,13464320,0.1200,1.0
2020-09-04,9.6,9.77,9.42,9.59,8.7972096713,14867835,0.0000,1.0
2020-09-03,9.85,10.1,9.45,9.52,8.73299646202,11362058,0.0000,1.0
2020-09-02,9.51,9.9,9.48,9.83,9.01736924597,12537069,0.0000,1.0
2020-09-01,9.67,9.71,9.375,9.47,8.68712988396,13316121,0.0000,1.0
2020-08-31,9.83,9.9,9.6,9.67,8.87059619619,9872996,0.0000,1.0
2020-08-28,9.59,9.85,9.5418,9.83,9.01736924597,10165579,0.0000,1.0
2020-08-27,9.67,9.71,9.42,9.57,8.77886304008,10944378,0.0000,1.0
2020-08-26,10.1,10.28,9.62,9.67,8.87059619619,27301760,0.0000,1.0
2020-08-25,9.63,9.75,9.305,9.33,8.55870346541,15471074,0.0000,1.0
2020-08-24,9.4,9.8,9.4,9.62,8.82472961813,10576453,0.0000,1.0
2020-08-21,9.24,9.36,9.12,9.33,8.55870346541,8433815,0.0000,1.0
2020-08-20,9.33,9.38,9.21,9.26,8.49449025613,6993991,0.0000,1.0
2020-08-19,9.51,9.635,9.4,9.42,8.64126330591,5024164,0.0000,1.0
2020-08-18,9.4,9.53,9.36,9.45,8.66878325274,6092762,0.0000,1.0
2020-08-17,9.71,9.72,9.43,9.46,8.67795656835,8926455,0.0000,1.0
2020-08-14,9.55,9.75,9.41,9.67,8.87059619619,8041888,0.0000,1.0
2020-08-13,10.01,10.03,9.55,9.61,8.81555630252,11949518,0.0000,1.0
2020-08-12,10.28,10.32,10.02,10.14,9.30174202993,7469878,0.0000,1.0
2020-08-11,10.38,10.6,10.1,10.16,9.32008866115,9680149,0.0000,1.0
2020-08-10,10.11,10.345,10.11,10.21,9.36595523921,12021466,0.0000,1.0
2020-08-07,10.09,10.14,9.97,10.09,9.25587545187,7961138,0.0000,1.0
2020-08-06,9.87,10.24,9.84,10.11,9.27422208309,11468221,0.0000,1.0
2020-08-05,10.05,10.14,9.87,9.96,9.13662234892,6742284,0.0000,1.0
2020-08-04,9.89,10.12,9.87,9.96,9.13662234892,7913755,0.0000,1.0
2020-08-03,9.87,10.0,9.71,9.89,9.07240913964,9724086,0.0000,1.0
2020-07-31,9.6,9.9,9.45,9.87,9.05406250842,24919644,0.0000,1.0
2020-07-30,9.59,9.67,9.35,9.62,8.82472961813,9499836,0.0000,1.0
2020-07-29,9.5,9.8161,9.4,9.71,8.90728945864,10821017,0.0000,1.0
2020-07-28,9.71,9.74,9.48,9.48,8.69630319958,7919322,0.0000,1.0
2020-07-27,9.57,9.77,9.47,9.75,8.94398272108,5465095,0.0000,1.0
2020-07-24,9.8,9.845,9.62,9.62,8.82472961813,9185350,0.0000,1.0
2020-07-23,9.76,9.94,9.645,9.82,9.00819593036,7476313,0.0000,1.0
2020-07-22,9.62,9.81,9.55,9.75,8.94398272108,9564826,0.0000,1.0
2020-07-21,9.6,9.83,9.59,9.66,8.86142288058,13268283,0.0000,1.0
2020-07-20,9.6,9.655,9.375,9.55,8.76051640886,7194836,0.0000,1.0
2020-07-17,9.76,9.79,9.605,9.67,8.87059619619,7209282,0.0000,1.0
2020-07-16,9.58,9.95,9.54,9.72,8.91646277425,11769094,0.0000,1.0
2020-07-15,9.76,9.875,9.535,9.64,8.84307624936,8162510,0.0000,1.0
2020-07-14,9.39,9.585,9.255,9.51,8.72382314641,8843568,0.0000,1.0
2020-07-13,9.38,9.58,9.095,9.44,8.65960993713,13825719,0.0000,1.0
2020-07-10,9.0,9.275,8.97,9.26,8.49449025613,7313875,0.0000,1.0
2020-07-09,9.21,9.23,8.95,8.98,8.23763741901,9398641,0.0000,1.0
2020-07-08,9.13,9.25,8.97,9.21,8.44862367807,8793819,0.0000,1.0
2020-07-07,9.48,9.52,9.055,9.07,8.32019725951,10723876,0.0000,1.0
2020-07-06,9.6,9.67,9.45,9.59,8.7972096713,8967727,0.0000,1.0
2020-07-02,9.59,9.745,9.38,9.41,8.6320899903,9603374,0.0000,1.0
2020-07-01,9.72,9.76,9.35,9.42,8.64126330591,9195998,0.0000,1.0
2020-06-30,9.54,9.76,9.51,9.73,8.92563608986,10092041,0.0000,1.0
2020-06-29,9.58,9.64,9.39,9.58,8.78803635569,9436121,0.0000,1.0
2020-06-26,9.4,9.52,9.321,9.5,8.7146498308,13083174,0.0000,1.0
2020-06-25,9.19,9.52,8.97,9.47,8.68712988396,14371074,0.0000,1.0
2020-06-24,9.56,9.59,9.25,9.27,8.50366357174,16155875,0.0000,1.0
2020-06-23,9.86,10.0,9.65,9.67,8.87059619619,16644738,0.0000,1.0
2020-06-22,9.79,9.815,9.61,9.71,8.90728945864,11990851,0.0000,1.0
2020-06-19,10.34,10.37,9.74,9.82,9.00819593036,26732681,0.0000,1.0
2020-06-18,9.94,10.245,9.84,10.14,9.30174202993,13210576,0.0000,1.0
2020-06-17,10.44,10.49,10.0,10.04,9.21000887381,15293063,0.0000,1.0
2020-06-16,10.61,10.74,10.32,10.41,9.54942155143,12433424,0.0000,1.0
2020-06-15,9.89,10.285,9.84,10.21,9.36595523921,15890367,0.0000,1.0
2020-06-12,10.19,10.27,9.81,10.15,9.31091534554,14444928,0.0000,1.0
2020-06-11,10.06,10.21,9.69,9.75,8.94398272108,21901228,0.0000,1.0
2020-06-10,10.91,10.99,10.6,10.7,9.81544770416,12901160,0.0000,1.0
2020-06-09,11.2,11.21,10.92,11.02,10.1089938037,13799712,0.1200,1.0
2020-06-08,11.46,11.71,11.28,11.59,10.5173463362,17119449,0.0000,1.0
2020-06-05,11.17,11.38,10.96,11.11,10.0817703016,16557499,0.0000,1.0
2020-06-04,10.2,10.53,10.13,10.48,9.51007675611,13596029,0.0000,1.0
2020-06-03,10.03,10.445,9.98,10.34,9.38303374601,11920510,0.0000,1.0
2020-06-02,9.87,9.99,9.8,9.95,9.02912821787,10943554,0.0000,1.0
2020-06-01,9.67,9.93,9.55,9.76,8.85671270416,11041423,0.0000,1.0
2020-05-29,9.52,9.755,9.38,9.71,8.81134020055,23813750,0.0000,1.0
2020-05-28,9.76,9.83,9.47,9.59,8.7024461919,16003561,0.0000,1.0
2020-05-27,9.55,9.76,9.47,9.76,8.85671270416,14580132,0.0000,1.0
2020-05-26,9.45,9.55,9.33,9.42,8.54817967963,22431519,0.0000,1.0
2020-05-22,9.4,9.66,9.03,9.17,8.32131716159,28814615,0.0000,1.0
2020-05-21,10.25,10.45,10.205,10.36,9.40118274745,11131070,0.0000,1.0
2020-05-20,10.1,10.3,10.045,10.28,9.32858674168,7662419,0.0000,1.0
2020-05-19,9.93,10.19,9.66,10.04,9.11079872436,8218397,0.0000,1.0
2020-05-18,9.43,10.03,9.4,9.99,9.06542622076,11822237,0.0000,1.0
2020-05-15,9.04,9.15,8.89,9.11,8.26687015727,6689303,0.0000,1.0
2020-05-14,8.96,9.2,8.62,9.17,8.32131716159,8108572,0.0000,1.0
2020-05-13,9.45,9.45,9.01,9.08,8.2396466551,9415845,0.0000,1.0
2020-05-12,9.79,9.93,9.48,9.48,8.60262668396,8660691,0.0000,1.0
2020-05-11,10.08,10.122,9.66,9.73,8.829489202,7775240,0.0000,1.0
2020-05-08,9.76,10.28,9.71,10.25,9.30136323951,7173533,0.0000,1.0
2020-05-07,9.46,9.74,9.45,9.58,8.69337169118,7816093,0.0000,1.0
2020-05-06,9.47,9.56,9.2,9.35,8.48465817458,8740743,0.0000,1.0
2020-05-05,9.53,9.72,9.39,9.41,8.53910517891,5361859,0.0000,1.0
2020-05-04,9.35,9.46,9.12,9.38,8.51188167675,6865225,0.0000,1.0
2020-05-01,9.81,9.82,9.35,9.48,8.60262668396,6454077,0.0000,1.0
2020-04-30,10.22,10.24,9.99,10.06,9.12894772581,8168834,0.0000,1.0
2020-04-29,10.09,10.43,10.08,10.31,9.35581024384,10503256,0.0000,1.0
2020-04-28,9.83,10.03,9.75,9.8,8.89301070705,8551082,0.0000,1.0
2020-04-27,9.41,9.73,9.38,9.66,8.76596769695,6454940,0.0000,1.0
2020-04-24,9.28,9.58,9.24,9.53,8.64799918757,9376450,0.0000,1.0
2020-04-23,9.06,9.48,9.06,9.27,8.41206216881,8468623,0.0000,1.0
2020-04-22,9.33,9.36,8.95,9.03,8.19427415149,9059017,0.0000,1.0
2020-04-21,9.17,9.23,8.98,9.05,8.21242315294,7679955,0.0000,1.0
2020-04-20,9.45,9.75,9.27,9.36,8.4937326753,8645137,0.0000,1.0
2020-04-17,9.49,9.8,9.47,9.71,8.81134020055,9960294,0.0000,1.0
2020-04-16,9.58,9.58,9.2,9.32,8.45743467242,11225269,0.0000,1.0
2020-04-15,10.01,10.035,9.355,9.52,8.63892468685,16451298,0.0000,1.0
2020-04-14,10.62,10.76,10.32,10.36,9.40118274745,8920997,0.0000,1.0
2020-04-13,10.48,10.6,10.175,10.36,9.40118274745,6930084,0.0000,1.0
2020-04-09,10.44,10.8,10.42,10.53,9.55544925972,12500631,0.0000,1.0
2020-04-08,9.79,10.32,9.76,10.23,9.28321423807,5841450,0.0000,1.0
2020-04-07,10.23,10.39,9.65,9.66,8.76596769695,10484466,0.0000,1.0
2020-04-06,9.95,10.16,9.61,9.83,8.92023420921,10453636,0.0000,1.0
2020-04-03,9.36,9.61,9.21,9.3,8.43928567097,6825996,0.0000,1.0
2020-04-02,9.5,9.89,9.1,9.38,8.51188167675,8233384,0.0000,1.0
2020-04-01,9.16,9.74,9.09,9.58,8.69337169118,11509936,0.0000,1.0
2020-03-31,10.09,10.16,9.675,9.71,8.81134020055,9299947,0.0000,1.0
2020-03-30,9.8,10.22,9.46,10.05,9.11987322508,10077320,0.0000,1.0
2020-03-27,10.02,10.255,9.58,9.82,8.91115970849,12548367,0.0000,1.0
2020-03-26,9.56,10.61,9.46,10.53,9.55544925972,13076785,0.0000,1.0
2020-03-25,9.0,10.08,8.815,9.39,8.52095617747,16420849,0.0000,1.0
2020-03-24,8.27,8.97,8.22,8.94,8.112603645,12484796,0.0000,1.0
2020-03-23,8.54,8.73,7.654,7.83,7.10533406492,12307025,0.0000,1.0
2020-03-20,9.36,9.46,8.61,8.63,7.83129412264,19961187,0.0000,1.0
2020-03-19,8.29,9.31,7.88,9.11,8.26687015727,17682908,0.0000,1.0
2020-03-18,7.81,8.67,7.43,8.53,7.74054911542,16349422,0.0000,1.0
2020-03-17,8.49,8.66,7.68,8.27,7.50461209666,16204193,0.0000,1.0
2020-03-16,8.56,8.85,7.59,8.35,7.57720810243,20674333,0.0000,1.0
2020-03-13,9.69,9.89,8.94,9.86,8.94745771138,13956252,0.0000,1.0
2020-03-12,9.78,9.95,8.98,9.12,8.27594465799,16061180,0.0000,1.0
2020-03-11,11.2,11.22,10.5,10.57,9.5917472626,15691948,0.0000,1.0
2020-03-10,11.39,11.595,10.94,11.52,10.4538248311,14683510,0.1200,1.0
2020-03-09,11.19,11.51,10.75,11.14,10.0047773728,14913669,0.0000,1.0
2020-03-06,11.45,12.075,11.4,11.99,10.768158052,16163797,0.0000,1.0
2020-03-05,11.8,11.97,11.63,11.79,10.5885390687,17614460,0.0000,1.0
2020-03-04,11.9,12.28,11.43,12.26,11.0106436795,26211910,0.0000,1.0
2020-03-03,12.62,13.33,12.425,12.59,11.3070150021,15277207,0.0000,1.0
2020-03-02,12.79,12.89,12.34,12.89,11.5764434771,15536316,0.0000,1.0
2020-02-28,12.28,12.8,12.06,12.79,11.4866339854,23262848,0.0000,1.0
2020-02-27,12.75,13.08,12.52,12.58,11.2980340529,12311305,0.0000,1.0
2020-02-26,13.44,13.57,13.01,13.04,11.7111577146,10241949,0.0000,1.0
2020-02-25,13.78,13.79,13.19,13.33,11.9716052405,11244302,0.0000,1.0
2020-02-24,13.74,14.02,13.61,13.71,12.3128813088,11045132,0.0000,1.0
2020-02-21,14.34,14.45,14.09,14.18,12.7349859197,8480171,0.0000,1.0
2020-02-20,14.42,14.66,14.37,14.47,12.9954334456,9141294,0.0000,1.0
2020-02-19,14.38,14.55,14.37,14.47,12.9954334456,7303095,0.0000,1.0
2020-02-18,14.25,14.4,14.21,14.38,12.9146049031,5494811,0.0000,1.0
2020-02-14,14.73,14.82,14.35,14.44,12.9684905981,8114899,0.0000,1.0
2020-02-13,14.8,14.82,14.55,14.7,13.2019952764,9028524,0.0000,1.0
2020-02-12,14.99,15.18,14.95,15.03,13.498366599,7822328,0.0000,1.0
2020-02-11,14.86,14.985,14.8,14.87,13.3546714123,4977554,0.0000,1.0
2020-02-10,14.65,14.78,14.55,14.77,13.2648619206,6762825,0.0000,1.0
2020-02-07,14.74,14.79,14.64,14.74,13.2379190731,6361022,0.0000,1.0
2020-02-06,14.99,15.08,14.8,14.92,13.3995761581,6328861,0.0000,1.0
2020-02-05,14.6,14.91,14.6,14.89,13.3726333106,7683701,0.0000,1.0
2020-02-04,14.47,14.715,14.38,14.42,12.9505286997,8307908,0.0000,1.0
2020-02-03,14.06,14.44,14.01,14.14,12.6990621231,9186213,0.0000,1.0
2020-01-31,14.31,14.34,13.81,13.93,12.5104621905,12204273,0.0000,1.0
2020-01-30,14.26,14.51,14.15,14.42,12.9505286997,6938012,0.0000,1.0
2020-01-29,14.75,14.75,14.41,14.42,12.9505286997,7123723,0.0000,1.0
2020-01-28,14.58,14.74,14.52,14.62,13.1301476831,6350758,0.0000,1.0
2020-01-27,14.46,14.63,14.3,14.52,13.0403381914,11599296,0.0000,1.0
2020-01-24,15.15,15.22,14.695,14.76,13.2558809714,9582689,0.0000,1.0
2020-01-23,15.04,15.178,14.79,15.16,13.6151189382,6112072,0.0000,1.0
2020-01-22,14.96,15.07,14.9,15.03,13.498366599,12116305,0.0000,1.0
2020-01-21,15.01,15.04,14.74,14.9,13.3816142598,13327556,0.0000,1.0
2020-01-17,15.79,15.79,14.98,15.1,13.5612332431,18727188,0.0000,1.0
2020-01-16,15.6,15.8,15.515,15.77,14.1629568374,6821809,0.0000,1.0
2020-01-15,15.5,15.65,15.43,15.49,13.9114902607,6933864,0.0000,1.0
2020-01-14,15.57,15.67,15.5,15.54,13.9563950065,7669061,0.0000,1.0
2020-01-13,15.47,15.66,15.45,15.55,13.9653759557,10123812,0.0000,1.0
2020-01-10,15.67,15.74,15.46,15.47,13.8935283624,7536832,0.0000,1.0
2020-01-09,15.8,15.8,15.45,15.67,14.0731473457,10668538,0.0000,1.0
2020-01-08,15.57,15.805,15.49,15.76,14.1539758882,7624924,0.0000,1.0
2020-01-07,15.69,15.765,15.57,15.64,14.0462044982,8549434,0.0000,1.0
2020-01-06,15.61,15.78,15.59,15.72,14.1180520915,9142544,0.0000,1.0
2020-01-03,15.9,15.96,15.71,15.77,14.1629568374,7802137,0.0000,1.0
2020-01-02,16.0,16.18,15.97,16.17,14.5221948041,8600297,0.0000,1.0
2019-12-31,15.69,15.9,15.62,15.86,14.2437853799,7338534,0.0000,1.0
2019-12-30,15.92,15.99,15.69,15.78,14.1719377865,10155453,0.0000,1.0
2019-12-27,16.02,16.11,15.87,15.9,14.2797091766,7395400,0.0000,1.0
2019-12-26,15.94,15.99,15.9,15.96,14.3335948716,3502080,0.0000,1.0
2019-12-24,15.82,15.98,15.805,15.92,14.2976710749,2022554,0.0000,1.0
2019-12-23,15.61,15.905,15.54,15.84,14.2258234816,10093697,0.0000,1.0
2019-12-20,15.82,15.85,15.58,15.58,13.9923188032,19504291,0.0000,1.0
2019-12-19,15.88,15.995,15.68,15.74,14.1360139899,10614882,0.0000,1.0
2019-12-18,15.8,16.17,15.78,15.91,14.2886901257,10688619,0.0000,1.0
2019-12-17,16.08,16.1,15.81,15.84,14.2258234816,8874651,0.0000,1.0
2019-12-16,16.11,16.35,16.07,16.08,14.4413662616,6902463,0.0000,1.0
2019-12-13,16.37,16.45,15.99,16.03,14.3964615157,7430565,0.0000,1.0
2019-12-12,15.87,16.44,15.865,16.4,14.7287566349,9032499,0.0000,1.0
2019-12-11,15.88,16.09,15.84,15.87,14.2527663291,6709211,0.0000,1.0
2019-12-10,15.75,15.95,15.71,15.84,14.2258234816,6885017,0.1200,1.0
2019-12-09,15.84,16.01,15.755,15.89,14.1634295189,6715491,0.0000,1.0
2019-12-06,16.04,16.11,15.88,15.91,14.1812563654,5307342,0.0000,1.0
2019-12-05,15.84,15.97,15.8,15.93,14.1990832119,8002371,0.0000,1.0
2019-12-04,15.68,15.88,15.68,15.74,14.0297281704,5239366,0.0000,1.0
2019-12-03,15.5,15.62,15.365,15.61,13.9138536684,6587639,0.0000,1.0
2019-12-02,15.83,15.99,15.75,15.76,14.0475550169,9736316,0.0000,1.0
2019-11-29,15.9,16.04,15.805,15.83,14.1099489795,4805663,0.0000,1.0
2019-11-27,15.93,15.98,15.78,15.94,14.2079966351,8446648,0.0000,1.0
2019-11-26,16.48,16.67,15.75,15.97,14.2347369048,27765738,0.0000,1.0
2019-11-25,17.16,17.46,17.01,17.45,15.5539235434,11362945,0.0000,1.0
2019-11-22,17.12,17.285,17.04,17.12,15.2597805767,6686585,0.0000,1.0
2019-11-21,17.07,17.23,16.99,17.08,15.2241268838,5434922,0.0000,1.0
2019-11-20,17.36,17.4,17.05,17.12,15.2597805767,6433913,0.0000,1.0
2019-11-19,17.34,17.58,17.27,17.44,15.5450101202,9109730,0.0000,1.0
2019-11-18,17.22,17.28,17.06,17.28,15.4023953484,8227481,0.0000,1.0
2019-11-15,17.15,17.27,17.04,17.23,15.3578282323,9913422,0.0000,1.0
2019-11-14,17.16,17.2,16.98,17.03,15.1795597676,11010548,0.0000,1.0
2019-11-13,17.27,17.32,17.14,17.23,15.3578282323,8636219,0.0000,1.0
2019-11-12,17.51,17.54,17.26,17.34,15.4558758879,8409427,0.0000,1.0
2019-11-11,17.44,17.59,17.33,17.46,15.5628369667,5640067,0.0000,1.0
2019-11-08,17.18,17.44,17.05,17.43,15.536096697,5901698,0.0000,1.0
2019-11-07,17.08,17.35,17.02,17.18,15.3132611161,9108767,0.0000,1.0
2019-11-06,16.96,17.03,16.82,16.94,15.0993389585,12810710,0.0000,1.0
2019-11-05,16.78,16.94,16.765,16.83,15.0012913029,13437162,0.0000,1.0
2019-11-04,16.59,16.8,16.59,16.65,14.8408496847,10539600,0.0000,1.0
2019-11-01,16.1,16.53,15.81,16.5,14.7071483362,6996903,0.0000,1.0
2019-10-31,16.35,16.43,16.1,16.41,14.6269275271,5724941,0.0000,1.0
2019-10-30,16.48,16.48,16.19,16.31,14.5377932947,6452228,0.0000,1.0
2019-10-29,16.32,16.545,16.22,16.46,14.6714946433,6489880,0.0000,1.0
2019-10-28,16.28,16.478,16.27,16.43,14.6447543736,5537105,0.0000,1.0
2019-10-25,15.91,16.2,15.9,16.16,14.4040919462,6348873,0.0000,1.0
2019-10-24,16.17,16.235,15.675,15.89,14.1634295189,8467433,0.0000,1.0
2019-10-23,15.9,16.2,15.7,16.02,14.279304021,10990701,0.0000,1.0
2019-10-22,16.02,16.09,15.87,15.95,14.2169100583,10874551,0.0000,1.0
2019-10-21,15.85,16.41,15.79,15.97,14.2347369048,19509077,0.0000,1.0
2019-10-18,15.23,15.39,15.2,15.35,13.6821046643,9987097,0.0000,1.0
2019-10-17,15.08,15.29,15.025,15.21,13.557316739,4793515,0.0000,1.0
2019-10-16,15.17,15.215,15.04,15.09,13.4503556602,5206281,0.0000,1.0
2019-10-15,14.94,15.27,14.69,15.14,13.4949227764,7610427,0.0000,1.0
2019-10-14,14.62,14.95,14.59,14.95,13.3255677349,8744630,0.0000,1.0
2019-10-11,14.36,14.535,14.28,14.35,12.7907623409,6507207,0.0000,1.0
2019-10-10,14.01,14.25,13.98,14.11,12.5768401833,4453660,0.0000,1.0
2019-10-09,13.97,14.225,13.95,14.07,12.5411864903,6326337,0.0000,1.0
2019-10-08,14.19,14.215,13.82,13.85,12.3450911792,12042864,0.0000,1.0
2019-10-07,14.4,14.665,14.33,14.35,12.7907623409,8264691,0.0000,1.0
2019-10-04,14.51,14.51,14.245,14.4,12.835329457,9750176,0.0000,1.0
2019-10-03,14.39,14.5,14.05,14.5,12.9244636894,5776726,0.0000,1.0
2019-10-02,14.53,14.555,14.31,14.44,12.87098315,7444375,0.0000,1.0
2019-10-01,15.31,15.395,14.64,14.65,13.0581650379,7919613,0.0000,1.0
2019-09-30,15.0,15.32,14.99,15.17,13.5216630461,11161450,0.0000,1.0
2019-09-27,14.74,15.1,14.69,15.0,13.3701348511,10224704,0.0000,1.0
2019-09-26,14.53,14.7,14.35,14.63,13.0403381914,6991700,0.0000,1.0
2019-09-25,14.25,14.67,14.19,14.59,13.0046844985,8094058,0.0000,1.0
2019-09-24,14.43,14.57,14.14,14.25,12.7016281085,16094216,0.0000,1.0
2019-09-23,14.3,14.485,14.21,14.4,12.835329457,12091421,0.0000,1.0
2019-09-20,14.87,14.93,14.35,14.43,12.8620697267,19608064,0.0000,1.0
2019-09-19,14.79,14.97,14.69,14.85,13.2364335026,14546066,0.0000,1.0
2019-09-18,14.87,14.99,14.62,14.74,13.138385847,12727641,0.0000,1.0
2019-09-17,15.01,15.01,14.75,14.99,13.3612214279,7258326,0.0000,1.0
2019-09-16,15.19,15.37,15.09,15.12,13.4770959299,11444741,0.0000,1.0
2019-09-13,15.35,15.4,15.21,15.32,13.6553643946,9228938,0.0000,1.0
2019-09-12,15.34,15.455,15.1,15.36,13.6910180875,8500218,0.0000,1.0
2019-09-11,15.15,15.4,14.92,15.37,13.6999315107,7928288,0.0000,1.0
2019-09-10,14.86,15.17,14.86,15.09,13.4503556602,10404695,0.1125,1.0
2019-09-09,14.66,15.04,14.63,14.95,13.2269572189,12904041,0.0000,1.0
2019-09-06,14.47,14.61,14.39,14.57,12.890753624,8599507,0.0000,1.0
2019-09-05,13.95,14.5,13.91,14.4,12.7403467526,9380529,0.0000,1.0
2019-09-04,13.61,13.78,13.53,13.75,12.1652616562,6933976,0.0000,1.0
2019-09-03,13.67,13.75,13.375,13.49,11.9352276176,7907523,0.0000,1.0
2019-08-30,13.85,13.92,13.68,13.82,12.2271938973,8841143,0.0000,1.0
2019-08-29,13.69,13.82,13.63,13.68,12.103329415,11196118,0.0000,1.0
2019-08-28,13.5,13.829,13.09,13.37,11.8290580613,15022451,0.0000,1.0
2019-08-27,13.05,13.17,12.87,12.93,11.4397696883,14242165,0.0000,1.0
2019-08-26,12.92,13.06,12.79,12.94,11.4486171513,8712205,0.0000,1.0
2019-08-23,13.03,13.28,12.69,12.75,11.2805153539,12131010,0.0000,1.0
2019-08-22,13.16,13.32,13.03,13.25,11.722888505,7900705,0.0000,1.0
2019-08-21,13.13,13.235,12.94,13.07,11.5636341706,7453205,0.0000,1.0
2019-08-20,12.94,13.06,12.87,12.94,11.4486171513,5084449,0.0000,1.0
2019-08-19,12.99,13.22,12.99,13.11,11.5990240227,7196167,0.0000,1.0
2019-08-16,12.8,12.885,12.73,12.8,11.324752669,10818698,0.0000,1.0
2019-08-15,12.88,12.97,12.52,12.68,11.2185831127,11024728,0.0000,1.0
2019-08-14,13.11,13.16,12.84,12.86,11.3778374471,11300938,0.0000,1.0
2019-08-13,13.09,13.68,13.03,13.4,11.8556004504,12048156,0.0000,1.0
2019-08-12,13.24,13.29,13.0,13.08,11.5724816336,6702300,0.0000,1.0
2019-08-09,13.46,13.55,13.29,13.39,11.8467529873,11271772,0.0000,1.0
2019-08-08,13.14,13.58,13.11,13.55,11.9883123957,10874382,0.0000,1.0
2019-08-07,12.88,13.14,12.77,13.06,11.5547867076,8026108,0.0000,1.0
2019-08-06,13.17,13.2,12.92,13.07,11.5636341706,9594555,0.0000,1.0
2019-08-05,13.02,13.11,12.611,12.9,11.4132272992,15207925,0.0000,1.0
2019-08-02,13.74,13.84,13.02,13.27,11.7405834311,21673423,0.0000,1.0
2019-08-01,14.33,14.709,14.105,14.14,12.510312714,7904119,0.0000,1.0
2019-07-31,14.63,14.665,14.23,14.37,12.7138043636,8325299,0.0000,1.0
2019-07-30,14.56,14.76,14.51,14.61,12.9261434761,5362869,0.0000,1.0
2019-07-29,14.59,14.745,14.56,14.66,12.9703807912,6046488,0.0000,1.0
2019-07-26,14.54,14.73,14.46,14.63,12.9438384021,6893114,0.0000,1.0
2019-07-25,14.72,14.72,14.435,14.51,12.8376688459,8822665,0.0000,1.0
2019-07-24,14.64,14.845,14.59,14.74,13.0411604954,8067927,0.0000,1.0
2019-07-23,14.4,14.655,14.37,14.61,12.9261434761,8771276,0.0000,1.0
2019-07-22,14.8,14.87,14.26,14.3,12.6518721224,11954753,0.0000,1.0
2019-07-19,14.79,14.96,14.78,14.84,13.1296351256,5765012,0.0000,1.0
2019-07-18,14.61,14.82,14.6,14.75,13.0500079584,8277387,0.0000,1.0
2019-07-17,14.8,14.85,14.67,14.69,12.9969231803,7100806,0.0000,1.0
2019-07-16,14.98,15.03,14.785,14.81,13.1030927366,6996520,0.0000,1.0
2019-07-15,14.89,15.05,14.87,14.96,13.2358046819,4655868,0.0000,1.0
2019-07-12,14.64,14.975,14.64,14.91,13.1915673668,8061869,0.0000,1.0
2019-07-11,14.79,14.875,14.48,14.6,12.9172960131,12929496,0.0000,1.0
2019-07-10,15.01,15.13,14.76,14.77,13.0677028845,7082121,0.0000,1.0
2019-07-09,14.92,14.94,14.655,14.87,13.1561775147,7482577,0.0000,1.0
2019-07-08,15.08,15.08,14.855,15.03,13.2977369231,7342842,0.0000,1.0
2019-07-05,15.16,15.29,15.025,15.17,13.4216014054,6018521,0.0000,1.0
2019-07-03,15.07,15.315,15.045,15.29,13.5277709616,6049042,0.0000,1.0
2019-07-02,15.13,15.22,14.965,15.08,13.3419742382,7444674,0.0000,1.0
2019-07-01,15.24,15.485,15.04,15.14,13.3950590163,10223822,0.0000,1.0
2019-06-28,15.03,15.17,14.94,14.95,13.2269572189,20533145,0.0000,1.0
2019-06-27,14.99,15.22,14.94,14.97,13.2446521449,6214473,0.0000,1.0
2019-06-26,14.87,15.12,14.86,14.96,13.2358046819,8407592,0.0000,1.0
2019-06-25,14.96,15.015,14.75,14.76,13.0588554214,8223273,0.0000,1.0
2019-06-24,15.02,15.11,14.95,15.01,13.280041997,6810464,0.0000,1.0
2019-06-21,15.03,15.06,14.84,14.94,13.2181097558,15542128,0.0000,1.0
2019-06-20,14.98,15.04,14.74,15.0,13.271194534,10038162,0.0000,1.0
2019-06-19,14.67,14.84,14.61,14.71,13.0146181063,9637354,0.0000,1.0
2019-06-18,14.41,14.74,14.375,14.59,12.9084485501,8172215,0.0000,1.0
2019-06-17,14.18,14.43,14.11,14.3,12.6518721224,9903362,0.0000,1.0
2019-06-14,14.25,14.25,14.05,14.15,12.5191601771,5930319,0.0000,1.0
2019-06-13,14.21,14.36,14.17,14.35,12.6961094375,7195312,0.0000,1.0
2019-06-12,14.25,14.31,14.11,14.14,12.510312714,5917627,0.0000,1.0
2019-06-11,14.27,14.409,14.11,14.26,12.6164822703,7146257,0.1125,1.0
2019-06-10,14.18,14.39,14.18,14.26,12.5177274082,8844764,0.0000,1.0
2019-06-07,13.98,14.16,13.89,14.09,12.3684978388,8912023,0.0000,1.0
2019-06-06,13.99,14.055,13.69,13.99,12.2807157392,10444265,0.0000,1.0
2019-06-05,14.33,14.36,13.92,14.09,12.3684978388,8914073,0.0000,1.0
2019-06-04,13.85,14.175,13.82,14.13,12.4036106787,8911035,0.0000,1.0
2019-06-03,13.74,13.875,13.55,13.69,12.0173694403,11097971,0.0000,1.0
2019-05-31,13.95,13.98,13.59,13.72,12.0437040702,13986988,0.0000,1.0
2019-05-30,14.25,14.36,14.135,14.22,12.4826145684,9041274,0.0000,1.0
2019-05-29,14.06,14.285,13.99,14.13,12.4036106787,8329219,0.0000,1.0
2019-05-28,14.44,14.63,14.145,14.17,12.4387235185,16535203,0.0000,1.0
2019-05-24,14.28,15.17,14.28,14.39,12.6318441377,24819167,0.0000,1.0
2019-05-23,14.52,14.54,14.27,14.32,12.570396668,12423655,0.0000,1.0
2019-05-22,15.17,15.21,14.67,14.71,12.9127468566,8819763,0.0000,1.0
2019-05-21,14.88,15.31,14.86,15.25,13.3867701946,11137705,0.0000,1.0
2019-05-20,14.4,14.87,14.37,14.75,12.9478596964,11407905,0.0000,1.0
2019-05-17,14.62,14.92,14.47,14.62,12.8337429669,16330323,0.0000,1.0
2019-05-16,14.44,14.68,14.43,14.53,12.7547390772,14153447,0.0000,1.0
2019-05-15,14.06,14.445,14.05,14.42,12.6581787676,15286008,0.0000,1.0
2019-05-14,14.19,14.395,14.19,14.24,12.5001709883,9175689,0.0000,1.0
2019-05-13,14.45,14.53,14.09,14.16,12.4299453086,12346285,0.0000,1.0
2019-05-10,15.08,15.185,14.77,14.79,12.9829725363,14643535,0.0000,1.0
2019-05-09,15.17,15.23,14.865,15.22,13.3604355647,7525334,0.0000,1.0
2019-05-08,15.42,15.54,15.33,15.35,13.4745522943,5554895,0.0000,1.0
2019-05-07,15.47,15.62,15.33,15.43,13.544777974,7565544,0.0000,1.0
2019-05-06,15.59,15.73,15.45,15.66,13.7466768031,5543643,0.0000,1.0
2019-05-03,15.78,15.96,15.77,15.93,13.9836884721,5139268,0.0000,1.0
2019-05-02,15.81,15.97,15.64,15.74,13.8169024828,5105366,0.0000,1.0
2019-05-01,15.95,16.07,15.78,15.79,13.8607935327,6609889,0.0000,1.0
2019-04-30,15.68,15.81,15.53,15.81,13.8783499526,10384858,0.0000,1.0
2019-04-29,15.73,15.965,15.67,15.71,13.7905678529,7794947,0.0000,1.0
2019-04-26,15.87,15.94,15.595,15.77,13.8432371127,11613379,0.0000,1.0
2019-04-25,16.26,16.31,15.935,16.01,14.0539141519,9782273,0.0000,1.0
2019-04-24,16.51,16.61,16.26,16.27,14.2821476109,9147127,0.0000,1.0
2019-04-23,16.61,16.69,16.5,16.53,14.51038107,10311812,0.0000,1.0
2019-04-22,16.66,16.68,16.58,16.59,14.5630503298,5423736,0.0000,1.0
2019-04-18,16.59,16.71,16.515,16.66,14.6244977995,9627193,0.0000,1.0
2019-04-17,16.63,16.69,16.43,16.57,14.5454939098,9137088,0.0000,1.0
2019-04-16,16.5,16.695,16.48,16.6,14.5718285397,14190915,0.0000,1.0
2019-04-15,16.36,16.5,16.36,16.49,14.4752682301,5233334,0.0000,1.0
2019-04-12,16.39,16.48,16.29,16.4,14.3962643404,5240094,0.0000,1.0
2019-04-11,16.18,16.325,16.1,16.27,14.2821476109,6985345,0.0000,1.0
2019-04-10,15.97,16.27,15.94,16.27,14.2821476109,5654551,0.0000,1.0
2019-04-09,16.12,16.14,15.9,15.95,14.0012448921,5018951,0.0000,1.0
2019-04-08,16.14,16.26,16.062,16.19,14.2119219312,6414083,0.0000,1.0
2019-04-05,16.01,16.17,16.0,16.15,14.1768090914,6083878,0.0000,1.0
2019-04-04,15.9,16.11,15.85,16.07,14.1065834116,9514047,0.0000,1.0
2019-04-03,16.02,16.08,15.74,15.85,13.9134627924,12210816,0.0000,1.0
2019-04-02,15.93,16.01,15.815,15.82,13.8871281625,6484600,0.0000,1.0
2019-04-01,15.55,15.91,15.54,15.9,13.9573538423,10995749,0.0000,1.0
2019-03-29,15.42,15.46,15.325,15.43,13.544777974,9937311,0.0000,1.0
2019-03-28,15.35,15.535,15.23,15.26,13.3955484046,9649361,0.0000,1.0
2019-03-27,15.36,15.435,15.17,15.26,13.3955484046,7721980,0.0000,1.0
2019-03-26,15.19,15.455,15.18,15.31,13.4394394544,9274588,0.0000,1.0
2019-03-25,15.3,15.38,15.05,15.15,13.298988095,12410764,0.0000,1.0
2019-03-22,15.8,15.94,15.27,15.29,13.4218830345,12345237,0.0000,1.0
2019-03-21,15.89,16.12,15.89,16.02,14.0626923618,17721267,0.0000,1.0
2019-03-20,15.87,16.04,15.77,15.87,13.9310192124,10351713,0.0000,1.0
2019-03-19,15.9,16.04,15.831,15.88,13.9397974223,15502577,0.0000,1.0
2019-03-18,16.0,16.11,15.74,15.84,13.9046845825,11519435,0.0000,1.0
2019-03-15,15.66,16.105,15.66,16.07,14.1065834116,20228345,0.0000,1.0
2019-03-14,15.59,15.715,15.49,15.66,13.7466768031,10097390,0.0000,1.0
2019-03-13,15.38,15.59,15.32,15.52,13.6237818636,11306026,0.0000,1.0
2019-03-12,15.35,15.49,15.13,15.31,13.4394394544,17676653,0.1125,1.0
2019-03-11,15.64,15.93,15.635,15.89,13.8468272284,11689042,0.0000,1.0
2019-03-08,15.52,15.665,15.415,15.61,13.6028302729,7802272,0.0000,1.0
2019-03-07,15.86,15.94,15.6,15.67,13.6551153348,14207932,0.0000,1.0
2019-03-06,16.11,16.14,15.94,15.96,13.9078264673,6343393,0.0000,1.0
2019-03-05,16.09,16.24,15.92,16.14,14.064681653,15853174,0.0000,1.0
2019-03-04,16.45,16.52,15.94,16.16,14.082110007,14646293,0.0000,1.0
2019-03-01,16.54,16.54,16.255,16.38,14.2738219007,21879849,0.0000,1.0
2019-02-28,16.6,16.65,16.34,16.38,14.2738219007,13489380,0.0000,1.0
2019-02-27,16.75,16.815,16.695,16.7,14.5526755642,8381341,0.0000,1.0
2019-02-26,16.73,16.97,16.71,16.8,14.639817334,10049486,0.0000,1.0
2019-02-25,16.35,16.92,16.345,16.76,14.6049606261,13110220,0.0000,1.0
2019-02-22,16.5,16.5,16.01,16.32,14.2215368388,22478462,0.0000,1.0
2019-02-21,16.11,16.39,16.03,16.23,14.1431092459,15909668,0.0000,1.0
2019-02-20,16.1,16.22,16.03,16.05,13.9862540602,9809083,0.0000,1.0
2019-02-19,16.03,16.13,15.98,16.09,14.0211107681,8588891,0.0000,1.0
2019-02-15,16.11,16.24,15.99,16.09,14.0211107681,11932675,0.0000,1.0
2019-02-14,15.91,16.13,15.86,15.99,13.9339689983,7968638,0.0000,1.0
2019-02-13,16.1,16.24,16.03,16.05,13.9862540602,11945640,0.0000,1.0
2019-02-12,16.01,16.15,15.97,16.0,13.9426831753,13904488,0.0000,1.0
2019-02-11,15.91,16.045,15.83,15.84,13.8032563435,7940047,0.0000,1.0
2019-02-08,15.66,15.925,15.62,15.92,13.8729697594,7984709,0.0000,1.0
2019-02-07,15.91,16.095,15.75,15.85,13.8119705205,6135546,0.0000,1.0
2019-02-06,15.94,16.19,15.9,16.09,14.0211107681,7159007,0.0000,1.0
2019-02-05,15.79,16.099,15.78,15.89,13.8468272284,6625746,0.0000,1.0
2019-02-04,15.73,15.85,15.58,15.79,13.7596854586,9193826,0.0000,1.0
2019-02-01,15.69,15.81,15.565,15.69,13.6725436887,9152135,0.0000,1.0
2019-01-31,15.47,15.65,15.35,15.59,13.5854019189,11945802,0.0000,1.0
2019-01-30,15.48,15.67,15.275,15.52,13.52440268,7852407,0.0000,1.0
2019-01-29,15.75,15.86,15.365,15.37,13.3936900252,20884296,0.0000,1.0
2019-01-28,15.11,15.67,15.07,15.66,13.6464011578,29335781,0.0000,1.0
2019-01-25,14.94,15.38,14.905,15.35,13.3762616713,17843446,0.0000,1.0
2019-01-24,14.48,14.88,14.44,14.76,12.8621252292,7087941,0.0000,1.0
2019-01-23,14.52,14.69,14.32,14.44,12.5832715657,6831401,0.0000,1.0
2019-01-22,14.66,14.66,14.35,14.45,12.5919857427,9537611,0.0000,1.0
2019-01-18,14.38,14.75,14.38,14.68,12.7924118133,8935855,0.0000,1.0
2019-01-17,14.26,14.4,14.1,14.27,12.4351305569,6239980,0.0000,1.0
2019-01-16,13.77,14.37,13.73,14.32,12.4787014419,12256760,0.0000,1.0
2019-01-15,14.21,14.49,14.17,14.44,12.5832715657,6786449,0.0000,1.0
2019-01-14,14.11,14.307,14.01,14.16,12.3392746101,8960258,0.0000,1.0
2019-01-11,14.04,14.26,13.89,14.24,12.408988026,6507207,0.0000,1.0
2019-01-10,13.99,14.14,13.88,14.13,12.3131320792,8556153,0.0000,1.0
2019-01-09,13.88,14.195,13.88,14.06,12.2521328403,7668107,0.0000,1.0
2019-01-08,14.19,14.31,13.685,13.8,12.0255642387,12732472,0.0000,1.0
2019-01-07,13.82,14.17,13.75,14.07,12.2608470172,8027463,0.0000,1.0
2019-01-04,13.51,13.92,13.45,13.8,12.0255642387,11277089,0.0000,1.0
2019-01-03,13.28,13.37,12.93,13.18,11.4852852656,11921669,0.0000,1.0
2019-01-02,12.95,13.64,12.95,13.46,11.7292822212,10865536,0.0000,1.0
2018-12-31,13.17,13.255,13.03,13.21,11.5114277966,6453785,0.0000,1.0
2018-12-28,13.21,13.315,12.97,13.03,11.3545726109,8726986,0.0000,1.0
2018-12-27,12.69,13.12,12.54,13.1,11.4155718497,8150284,0.0000,1.0
2018-12-26,12.34,12.86,12.087,12.81,11.1628607172,10312248,0.0000,1.0
2018-12-24,12.46,12.595,12.225,12.27,10.69229516,5400214,0.0000,1.0
2018-12-21,12.66,13.0,12.485,12.61,10.9885771775,25427629,0.0000,1.0
2018-12-20,13.08,13.16,12.595,12.65,11.0234338854,18528340,0.0000,1.0
2018-12-19,13.59,13.84,13.07,13.17,11.4765710886,14299881,0.0000,1.0
2018-12-18,13.71,13.93,13.54,13.63,11.8774232299,12805013,0.0000,1.0
2018-12-17,14.17,14.27,13.55,13.59,11.842566522,17072752,0.0000,1.0
2018-12-14,14.35,14.46,14.2,14.22,12.391559672,11166186,0.0000,1.0
2018-12-13,14.65,14.93,14.44,14.49,12.6268424506,12862136,0.0000,1.0
2018-12-12,14.96,14.99,14.63,14.64,12.7575551054,14122854,0.0000,1.0
2018-12-11,14.58,14.83,14.38,14.74,12.8446968752,16343589,0.1125,1.0
2018-12-10,14.62,14.845,14.19,14.57,12.6003860274,14047623,0.0000,1.0
2018-12-07,15.97,15.97,14.66,14.71,12.7214604298,18469946,0.0000,1.0
2018-12-06,14.81,16.26,14.56,16.02,13.85437091,29136697,0.0000,1.0
2018-12-04,15.42,15.54,14.98,15.05,13.0154982644,18349541,0.0000,1.0
2018-12-03,15.26,15.53,15.22,15.5,13.4046659866,14845103,0.0000,1.0
2018-11-30,15.09,15.14,14.77,15.0,12.9722574064,20963157,0.0000,1.0
2018-11-29,15.4,15.42,15.1,15.12,13.0760354656,10922008,0.0000,1.0
2018-11-28,15.18,15.46,14.9,15.46,13.3700733002,13439221,0.0000,1.0
2018-11-27,14.79,15.06,14.76,15.06,13.024146436,7771920,0.0000,1.0
2018-11-26,14.72,14.985,14.69,14.91,12.8944238619,9953860,0.0000,1.0
2018-11-23,14.56,14.715,14.49,14.54,12.5744415126,2909396,0.0000,1.0
2018-11-21,14.64,14.93,14.63,14.7,12.7128122582,8652318,0.0000,1.0
2018-11-20,14.6,14.8,14.405,14.53,12.565793341,11300698,0.0000,1.0
2018-11-19,15.1,15.215,14.7,14.83,12.8252384891,12707703,0.0000,1.0
2018-11-16,15.28,15.35,15.1,15.2,13.1452208385,11150637,0.0000,1.0
2018-11-15,15.07,15.48,14.89,15.32,13.2489988977,15279988,0.0000,1.0
2018-11-14,15.48,15.675,15.11,15.15,13.1019799804,16235387,0.0000,1.0
2018-11-13,15.31,15.61,15.245,15.34,13.2662952409,9517002,0.0000,1.0
2018-11-12,15.58,15.605,15.19,15.28,13.2144062113,9571270,0.0000,1.0
2018-11-09,16.13,16.195,15.565,15.72,13.5949257619,10721490,0.0000,1.0
2018-11-08,16.19,16.519,16.15,16.25,14.0532788569,7195475,0.0000,1.0
2018-11-07,16.03,16.25,15.84,16.24,14.0446306853,18460163,0.0000,1.0
2018-11-06,15.93,16.07,15.83,15.88,13.7332965075,13047271,0.0000,1.0
2018-11-05,15.89,16.01,15.68,15.93,13.7765373656,6268145,0.0000,1.0
2018-11-02,15.83,16.095,15.735,15.89,13.7419446791,15140663,0.0000,1.0
2018-11-01,15.24,15.8,15.24,15.8,13.6641111347,6066828,0.0000,1.0
2018-10-31,15.14,15.52,15.14,15.25,13.1884616965,9547415,0.0000,1.0
2018-10-30,14.57,14.94,14.51,14.93,12.9117202051,8297060,0.0000,1.0
2018-10-29,14.8,15.05,14.36,14.57,12.6003860274,8024445,0.0000,1.0
2018-10-26,14.97,14.98,14.476,14.63,12.652275057,10469596,0.0000,1.0
2018-10-25,15.2,15.345,15.08,15.15,13.1019799804,8175749,0.0000,1.0
2018-10-24,15.63,15.795,15.06,15.09,13.0500909508,8119527,0.0000,1.0
2018-10-23,15.53,15.75,15.31,15.65,13.5343885606,9081348,0.0000,1.0
2018-10-22,15.54,15.89,15.52,15.84,13.6987038211,7881611,0.0000,1.0
2018-10-19,15.35,15.63,15.34,15.44,13.352776957,7652659,0.0000,1.0
2018-10-18,15.4,15.53,15.1,15.33,13.2576470693,8275157,0.0000,1.0
2018-10-17,15.59,15.65,15.31,15.52,13.4219623298,6231693,0.0000,1.0
2018-10-16,15.45,15.54,15.27,15.51,13.4133141582,6109287,0.0000,1.0
2018-10-15,15.42,15.51,15.24,15.34,13.2662952409,9344747,0.0000,1.0
2018-10-12,14.92,15.46,14.89,15.42,13.3354806137,16598883,0.0000,1.0
2018-10-11,15.06,15.16,14.55,14.63,12.652275057,9075928,0.0000,1.0
2018-10-10,15.65,15.77,15.09,15.11,13.067387294,10860910,0.0000,1.0
2018-10-09,15.87,15.92,15.59,15.69,13.5689812471,12074043,0.0000,1.0
2018-10-08,16.07,16.15,15.86,15.89,13.7419446791,8991801,0.0000,1.0
2018-10-05,16.81,17.02,16.04,16.14,13.9581489693,12794701,0.0000,1.0
2018-10-04,16.79,17.0,16.78,16.85,14.5721691532,10262764,0.0000,1.0
2018-10-03,16.54,16.91,16.46,16.75,14.4856874371,10580091,0.0000,1.0
2018-10-02,16.14,16.63,16.14,16.53,14.2954276618,9636512,0.0000,1.0
2018-10-01,16.37,16.52,16.13,16.18,13.9927416557,9808649,0.0000,1.0
2018-09-28,16.25,16.43,16.17,16.31,14.1051678865,12488021,0.0000,1.0
2018-09-27,16.63,16.63,16.25,16.28,14.0792233717,12514178,0.0000,1.0
2018-09-26,16.59,16.72,16.495,16.51,14.2781313186,8897925,0.0000,1.0
2018-09-25,16.87,16.965,16.53,16.55,14.312724005,17845188,0.0000,1.0
2018-09-24,17.0,17.025,16.86,16.92,14.6327063544,7291291,0.0000,1.0
2018-09-21,16.95,17.27,16.92,17.02,14.7191880704,26709609,0.0000,1.0
2018-09-20,16.7,16.98,16.68,16.87,14.5894654964,8726258,0.0000,1.0
2018-09-19,16.57,16.7,16.55,16.64,14.3905575495,6871530,0.0000,1.0
2018-09-18,16.31,16.68,16.265,16.55,14.312724005,6680150,0.0000,1.0
2018-09-17,16.58,16.68,16.23,16.28,14.0792233717,8686585,0.0000,1.0
2018-09-14,16.55,16.66,16.475,16.58,14.3386685198,8040336,0.0000,1.0
2018-09-13,16.5,16.73,16.435,16.54,14.3040758334,11155775,0.0000,1.0
2018-09-12,16.39,16.47,16.25,16.4,14.183001431,5614502,0.0000,1.0
2018-09-11,16.28,16.48,16.16,16.45,14.226242289,7953703,0.1125,1.0
2018-09-10,16.54,16.55,16.26,16.41,14.0952534921,12516304,0.0000,1.0
2018-09-07,16.49,16.8,16.39,16.53,14.1983266437,10229145,0.0000,1.0
2018-09-06,16.56,16.62,16.42,16.52,14.1897372144,8440744,0.0000,1.0
2018-09-05,16.69,16.7,16.24,16.59,14.2498632196,13574042,0.0000,1.0
2018-09-04,16.42,16.715,16.17,16.67,14.318578654,10016429,0.0000,1.0
2018-08-31,16.77,16.77,16.4,16.53,14.1983266437,10675722,0.0000,1.0
2018-08-30,16.74,17.08,16.72,16.79,14.4216518057,16188115,0.0000,1.0
2018-08-29,17.03,17.59,16.65,16.71,14.3529363713,25335079,0.0000,1.0
2018-08-28,16.53,16.8,16.51,16.74,14.3787046592,10950190,0.0000,1.0
2018-08-27,16.37,16.64,16.26,16.45,14.1296112093,13743938,0.0000,1.0
2018-08-24,16.16,16.31,15.98,16.2,13.9148754766,9560979,0.0000,1.0
2018-08-23,15.81,16.46,15.795,16.1,13.8289811836,15522386,0.0000,1.0
2018-08-22,15.76,15.92,15.72,15.82,13.588477163,8331011,0.0000,1.0
2018-08-21,16.47,16.47,15.74,15.78,13.5541194457,16634003,0.0000,1.0
2018-08-20,16.74,16.96,16.59,16.72,14.3615258006,9402443,0.0000,1.0
2018-08-17,16.25,16.795,16.208,16.67,14.318578654,12400065,0.0000,1.0
2018-08-16,16.12,16.39,16.025,16.27,13.9750014818,10664803,0.0000,1.0
2018-08-15,15.86,16.09,15.79,16.03,13.7688551784,10275928,0.0000,1.0
2018-08-14,15.7,16.02,15.7,15.99,13.7344974612,5182786,0.0000,1.0
2018-08-13,15.85,15.97,15.66,15.66,13.4510462941,5039564,0.0000,1.0
2018-08-10,15.98,16.085,15.78,15.85,13.6142454509,5037146,0.0000,1.0
2018-08-09,16.14,16.225,16.06,16.11,13.8375706129,3503908,0.0000,1.0
2018-08-08,16.14,16.29,16.07,16.16,13.8805177594,4663973,0.0000,1.0
2018-08-07,16.05,16.23,16.02,16.13,13.8547494715,4396525,0.0000,1.0
2018-08-06,15.93,16.045,15.85,16.01,13.7516763198,5224110,0.0000,1.0
2018-08-03,15.61,16.0,15.59,15.98,13.7259080319,7397198,0.0000,1.0
2018-08-02,15.35,15.57,15.32,15.55,13.3565625717,7753072,0.0000,1.0
2018-08-01,15.42,15.61,15.37,15.45,13.2706682786,5640157,0.0000,1.0
2018-07-31,15.45,15.55,15.37,15.44,13.2620788493,6644722,0.0000,1.0
2018-07-30,15.58,15.64,15.32,15.45,13.2706682786,4940037,0.0000,1.0
2018-07-27,15.76,15.89,15.53,15.59,13.3909202889,5753435,0.0000,1.0
2018-07-26,15.49,15.77,15.48,15.69,13.476814582,4970568,0.0000,1.0
2018-07-25,15.24,15.49,15.23,15.48,13.2964365666,6029225,0.0000,1.0
2018-07-24,15.61,15.665,15.25,15.3,13.141826839,7482036,0.0000,1.0
2018-07-23,15.41,15.55,15.27,15.47,13.2878471372,13145564,0.0000,1.0
2018-07-20,15.59,15.615,15.405,15.47,13.2878471372,6758414,0.0000,1.0
2018-07-19,15.93,16.155,15.61,15.64,13.4338674355,11530110,0.0000,1.0
2018-07-18,15.69,15.95,15.65,15.93,13.6829608853,6992383,0.0000,1.0
2018-07-17,15.59,15.8,15.56,15.66,13.4510462941,8883040,0.0000,1.0
2018-07-16,15.45,15.65,15.335,15.64,13.4338674355,10737970,0.0000,1.0
2018-07-13,15.34,15.53,15.3,15.49,13.3050259959,8808167,0.0000,1.0
2018-07-12,15.15,15.47,15.12,15.39,13.2191317028,4759838,0.0000,1.0
2018-07-11,15.31,15.35,15.08,15.1,12.9700382529,8725672,0.0000,1.0
2018-07-10,15.24,15.535,15.2,15.5,13.3136154252,12151360,0.0000,1.0
2018-07-09,15.04,15.315,14.99,15.23,13.0817008339,6361978,0.0000,1.0
2018-07-06,14.88,15.05,14.73,14.98,12.8669651012,5527834,0.0000,1.0
2018-07-05,14.8,14.84,14.57,14.82,12.7295342323,9473771,0.0000,1.0
2018-07-03,14.79,14.92,14.75,14.77,12.6865870858,4748199,0.0000,1.0
2018-07-02,14.5,14.84,14.46,14.8,12.7123553737,7088704,0.0000,1.0
2018-06-29,14.77,14.85,14.61,14.61,12.5491562169,11694527,0.0000,1.0
2018-06-28,14.71,14.77,14.475,14.71,12.6350505099,14739087,0.0000,1.0
2018-06-27,15.22,15.25,14.72,14.72,12.6436399393,14323583,0.0000,1.0
2018-06-26,15.11,15.55,15.06,15.17,13.030164258,7978554,0.0000,1.0
2018-06-25,15.17,15.23,14.94,15.07,12.944269965,15972807,0.0000,1.0
2018-06-22,15.49,15.52,15.225,15.24,13.0902902632,9283172,0.0000,1.0
2018-06-21,15.2,15.49,15.14,15.42,13.2448999907,14506745,0.0000,1.0
2018-06-20,15.95,15.99,15.13,15.15,13.0129853994,14603833,0.0000,1.0
2018-06-19,15.7,15.93,15.67,15.9,13.6571925974,8432667,0.0000,1.0
2018-06-18,15.8,16.06,15.685,15.91,13.6657820267,12084684,0.0000,1.0
2018-06-15,15.8,15.95,15.62,15.95,13.700139744,25030367,0.0000,1.0
2018-06-14,15.87,16.12,15.75,15.82,13.588477163,11926626,0.0000,1.0
2018-06-13,15.76,15.89,15.7,15.79,13.5627088751,8437829,0.0000,1.0
2018-06-12,15.92,16.0,15.78,15.79,13.5627088751,9010639,0.1125,1.0
2018-06-11,15.96,16.18,15.96,16.02,13.6629206841,11639176,0.0000,1.0
2018-06-08,15.82,16.02,15.787,16.01,13.6543920195,7921376,0.0000,1.0
2018-06-07,15.98,16.06,15.82,15.92,13.5776340381,7794028,0.0000,1.0
2018-06-06,16.11,16.11,15.725,16.02,13.6629206841,12395026,0.0000,1.0
2018-06-05,15.5,16.13,15.45,16.06,13.6970353425,22398030,0.0000,1.0
2018-06-04,15.5,15.74,15.37,15.54,13.2535447834,12236810,0.0000,1.0
2018-06-01,15.33,15.53,15.32,15.53,13.2450161188,10896712,0.0000,1.0
2018-05-31,15.53,15.59,15.12,15.24,12.9976848455,14448055,0.0000,1.0
2018-05-30,15.47,15.665,15.32,15.57,13.2791307772,12024890,0.0000,1.0
2018-05-29,15.43,15.486,15.26,15.38,13.1170861499,9726980,0.0000,1.0
2018-05-25,15.75,15.82,15.44,15.52,13.2364874542,14411515,0.0000,1.0
2018-05-24,15.55,15.81,15.16,15.76,13.4411754045,29516002,0.0000,1.0
2018-05-23,16.85,16.95,15.45,15.58,13.2876594418,56055194,0.0000,1.0
2018-05-22,17.55,17.68,17.41,17.41,14.848405063,14421244,0.0000,1.0
2018-05-21,17.66,17.74,17.48,17.51,14.933691709,6196776,0.0000,1.0
2018-05-18,17.66,17.67,17.48,17.56,14.976335032,6784877,0.0000,1.0
2018-05-17,17.68,17.76,17.435,17.67,15.0701503425,10602258,0.0000,1.0
2018-05-16,17.41,17.68,17.37,17.63,15.0360356842,15259940,0.0000,1.0
2018-05-15,17.48,17.53,17.285,17.4,14.8398763984,8365749,0.0000,1.0
2018-05-14,17.75,17.82,17.59,17.59,15.0019210258,8456042,0.0000,1.0
2018-05-11,17.66,17.78,17.61,17.67,15.0701503425,11498296,0.0000,1.0
2018-05-10,17.67,17.7,17.5,17.65,15.0530930133,12298234,0.0000,1.0
2018-05-09,17.4,17.67,17.34,17.6,15.0104496904,13013903,0.0000,1.0
2018-05-08,17.25,17.43,17.205,17.39,14.8313477338,12408115,0.0000,1.0
2018-05-07,17.24,17.45,17.19,17.3,14.7545897525,10486742,0.0000,1.0
2018-05-04,16.85,17.255,16.78,17.21,14.6778317711,6166929,0.0000,1.0
2018-05-03,16.99,17.08,16.75,16.9,14.4134431686,8031906,0.0000,1.0
2018-05-02,17.14,17.26,17.07,17.12,14.6010737897,6367944,0.0000,1.0
2018-05-01,16.99,17.2,16.95,17.18,14.6522457773,9651766,0.0000,1.0
2018-04-30,17.34,17.46,17.05,17.05,14.5413731375,12473413,0.0000,1.0
2018-04-27,17.64,17.64,17.24,17.35,14.7972330754,8836687,0.0000,1.0
2018-04-26,17.39,17.515,17.245,17.39,14.8313477338,10687315,0.0000,1.0
2018-04-25,17.3,17.415,17.02,17.31,14.7631184171,8704052,0.0000,1.0
2018-04-24,17.5,17.68,17.25,17.36,14.80576174,10102908,0.0000,1.0
2018-04-23,17.38,17.54,17.305,17.42,14.8569337276,8082992,0.0000,1.0
2018-04-20,17.44,17.45,17.16,17.29,14.7460610879,7701596,0.0000,1.0
2018-04-19,17.65,17.65,17.38,17.41,14.848405063,7789290,0.0000,1.0
2018-04-18,17.77,17.78,17.615,17.68,15.0786790071,9610174,0.0000,1.0
2018-04-17,17.68,17.88,17.62,17.75,15.1383796593,17144482,0.0000,1.0
2018-04-16,17.45,17.67,17.36,17.56,14.976335032,16959570,0.0000,1.0
2018-04-13,17.51,17.51,17.18,17.4,14.8398763984,10062568,0.0000,1.0
2018-04-12,17.35,17.6,17.33,17.41,14.848405063,13920682,0.0000,1.0
2018-04-11,17.2,17.3,17.091,17.24,14.7034177649,9828543,0.0000,1.0
2018-04-10,17.07,17.4,17.07,17.25,14.7119464295,15396549,0.0000,1.0
2018-04-09,16.73,17.21,16.73,16.81,14.3366851872,8445123,0.0000,1.0
2018-04-06,17.04,17.22,16.61,16.7,14.2428698766,14149115,0.0000,1.0
2018-04-05,17.42,17.42,17.12,17.2,14.6693031065,15104795,0.0000,1.0
2018-04-04,16.83,17.31,16.76,17.25,14.7119464295,13204003,0.0000,1.0
2018-04-03,17.25,17.35,16.96,17.14,14.6181311189,13363092,0.0000,1.0
2018-04-02,17.48,17.52,16.94,17.12,14.6010737897,10274628,0.0000,1.0
2018-03-29,17.7,17.755,17.455,17.54,14.9592777028,16009636,0.0000,1.0
2018-03-28,17.61,17.8,17.405,17.66,15.0616216779,14005177,0.0000,1.0
2018-03-27,18.09,18.155,17.455,17.56,14.976335032,12076445,0.0000,1.0
2018-03-26,17.92,18.03,17.575,17.99,15.3430676096,10910844,0.0000,1.0
2018-03-23,18.37,18.4,17.63,17.63,15.0360356842,10175798,0.0000,1.0
2018-03-22,18.55,18.645,18.3,18.32,15.6245135413,10780598,0.0000,1.0
2018-03-21,18.78,18.89,18.57,18.71,15.9571314606,10840774,0.0000,1.0
2018-03-20,18.79,18.93,18.615,18.78,16.0168321128,10860273,0.0000,1.0
2018-03-19,18.7,18.83,18.5,18.7,15.948602796,7882763,0.0000,1.0
2018-03-16,18.82,19.01,18.68,18.79,16.0253607774,19019613,0.0000,1.0
2018-03-15,18.9,18.98,18.78,18.83,16.0594754358,15291620,0.0000,1.0
2018-03-14,18.98,18.99,18.735,18.85,16.076532765,11529354,0.0000,1.0
2018-03-13,19.09,19.23,18.86,18.88,16.1021187587,8979372,0.0750,1.0
2018-03-12,19.16,19.175,19.0,19.07,16.199810326,10099609,0.0000,1.0
2018-03-09,19.07,19.21,18.98,19.16,16.276264596,14563920,0.0000,1.0
2018-03-08,19.2,19.23,18.845,18.95,16.0978712993,10394540,0.0000,1.0
2018-03-07,19.24,19.38,18.98,19.15,16.2677696771,11056273,0.0000,1.0
2018-03-06,19.01,19.475,19.0,19.41,16.4886375683,11551417,0.0000,1.0
2018-03-05,18.77,19.1,18.74,18.98,16.123356056,11720583,0.0000,1.0
2018-03-02,18.2,18.8,18.15,18.78,15.9534576781,14917392,0.0000,1.0
2018-03-01,18.7,18.835,18.14,18.4,15.6306507603,14072032,0.0000,1.0
2018-02-28,18.95,19.07,18.59,18.59,15.7920542192,17503082,0.0000,1.0
2018-02-27,18.5,19.13,18.5,18.82,15.9874373537,20806661,0.0000,1.0
2018-02-26,18.04,18.8,18.04,18.55,15.7580745436,25307363,0.0000,1.0
2018-02-23,18.01,18.19,17.56,18.14,15.4097828691,44699312,0.0000,1.0
2018-02-22,16.43,16.67,16.23,16.41,13.9401619009,14641902,0.0000,1.0
2018-02-21,16.6,16.685,16.22,16.25,13.8042431986,10898786,0.0000,1.0
2018-02-20,16.47,16.685,16.41,16.52,14.0336060087,8998358,0.0000,1.0
2018-02-16,16.3,16.56,16.21,16.39,13.9231720631,8506762,0.0000,1.0
2018-02-15,16.28,16.48,16.04,16.35,13.8891923875,8162823,0.0000,1.0
2018-02-14,15.41,16.22,15.35,16.15,13.7192940097,13989071,0.0000,1.0
2018-02-13,15.63,15.63,15.31,15.47,13.1416395251,13709687,0.0000,1.0
2018-02-12,15.42,15.85,15.36,15.75,13.379497254,7671702,0.0000,1.0
2018-02-09,15.2,15.415,14.655,15.3,12.9972259039,16690092,0.0000,1.0
2018-02-08,15.53,15.68,15.04,15.04,12.7763580127,11879273,0.0000,1.0
2018-02-07,15.67,15.785,15.33,15.56,13.2180937951,13099092,0.0000,1.0
2018-02-06,15.27,15.815,14.96,15.73,13.3625074163,16188725,0.0000,1.0
2018-02-05,16.53,16.65,15.65,15.66,13.303042984,15684723,0.0000,1.0
2018-02-02,16.66,16.93,16.52,16.65,14.1440399543,13265729,0.0000,1.0
2018-02-01,16.4,16.88,16.32,16.79,14.2629688188,13474991,0.0000,1.0
2018-01-31,16.59,16.69,16.31,16.4,13.931666982,12353295,0.0000,1.0
2018-01-30,16.85,16.906,16.395,16.54,14.0505958465,11143829,0.0000,1.0
2018-01-29,16.66,17.065,16.62,16.97,14.4158773588,10392420,0.0000,1.0
2018-01-26,16.55,16.84,16.55,16.71,14.1950094676,9610058,0.0000,1.0
2018-01-25,16.71,16.84,16.45,16.48,13.9996263331,7765496,0.0000,1.0
2018-01-24,16.71,16.89,16.6,16.68,14.1695247109,11723722,0.0000,1.0
2018-01-23,16.28,16.72,16.2,16.67,14.1610297921,14223910,0.0000,1.0
2018-01-22,16.05,16.08,15.9,16.05,13.6343448208,9409347,0.0000,1.0
2018-01-19,15.97,16.09,15.91,16.08,13.6598295775,9116452,0.0000,1.0
2018-01-18,16.03,16.1,15.94,15.97,13.5663854697,9572783,0.0000,1.0
2018-01-17,15.86,16.1,15.82,16.07,13.6513346586,9443317,0.0000,1.0
2018-01-16,15.82,15.915,15.715,15.81,13.4304667674,9646369,0.0000,1.0
2018-01-12,15.45,15.87,15.42,15.81,13.4304667674,15518900,0.0000,1.0
2018-01-11,15.2,15.49,15.17,15.45,13.1246496873,8238583,0.0000,1.0
2018-01-10,14.76,15.31,14.76,15.19,12.9037817961,10129274,0.0000,1.0
2018-01-09,14.85,14.98,14.81,14.85,12.6149545538,14445091,0.0000,1.0
2018-01-08,14.95,14.97,14.645,14.82,12.5894697971,13015227,0.0000,1.0
2018-01-05,15.06,15.19,14.96,15.05,12.7848529316,12503235,0.0000,1.0
2018-01-04,14.7,15.07,14.655,15.06,12.7933478505,11327017,0.0000,1.0
2018-01-03,14.6,14.75,14.54,14.7,12.4875307704,7907160,0.0000,1.0
2018-01-02,14.43,14.63,14.38,14.61,12.4110765004,7065215,0.0000,1.0
2017-12-29,14.67,14.67,14.36,14.36,12.1987035281,7076743,0.0000,1.0
2017-12-28,14.69,14.7,14.555,14.61,12.4110765004,3686377,0.0000,1.0
2017-12-27,14.72,14.75,14.61,14.67,12.4620460138,3199673,0.0000,1.0
2017-12-26,14.69,14.785,14.67,14.74,12.521510446,2880017,0.0000,1.0
2017-12-22,14.71,14.82,14.68,14.71,12.4960256893,4166746,0.0000,1.0
2017-12-21,14.71,14.85,14.665,14.72,12.5045206082,7816096,0.0000,1.0
2017-12-20,14.79,14.79,14.635,14.71,12.4960256893,8602456,0.0000,1.0
2017-12-19,14.88,14.9,14.74,14.8,12.5724799594,9785489,0.0000,1.0
2017-12-18,14.45,14.93,14.43,14.9,12.6574291483,12355506,0.0000,1.0
2017-12-15,14.29,14.48,14.255,14.41,12.2411781226,19919007,0.0000,1.0
2017-12-14,14.3,14.38,14.22,14.24,12.0967645014,7594452,0.0000,1.0
2017-12-13,14.46,14.55,14.32,14.32,12.1647238526,8611838,0.0000,1.0
2017-12-12,14.45,14.57,14.35,14.5,12.3176323926,12008182,0.0750,1.0
2017-12-11,14.25,14.59,14.23,14.58,12.3218579955,11076937,0.0000,1.0
2017-12-08,14.23,14.39,14.23,14.34,12.1190290573,8081825,0.0000,1.0
2017-12-07,14.2,14.27,14.125,14.22,12.0176145882,6811120,0.0000,1.0
2017-12-06,14.02,14.23,13.99,14.16,11.9669073536,7091009,0.0000,1.0
2017-12-05,14.11,14.17,14.0,14.08,11.8992977076,10892527,0.0000,1.0
2017-12-04,14.44,14.52,14.19,14.23,12.0260657939,11090156,0.0000,1.0
2017-12-01,13.9,14.465,13.75,14.44,12.2035411149,18544154,0.0000,1.0
2017-11-30,13.99,14.17,13.92,13.95,11.7894320327,15101614,0.0000,1.0
2017-11-29,13.95,14.3,13.79,13.97,11.8063344442,12093974,0.0000,1.0
2017-11-28,13.47,13.95,13.405,13.88,11.7302735924,16048543,0.0000,1.0
2017-11-27,13.21,13.54,13.1503,13.47,11.3837741563,13861143,0.0000,1.0
2017-11-24,13.21,13.39,13.15,13.32,11.25700607,8555548,0.0000,1.0
2017-11-22,13.2,13.4,12.815,13.1,11.0710795433,41909160,0.0000,1.0
2017-11-21,14.1,14.31,14.08,14.12,11.9331025306,12949614,0.0000,1.0
2017-11-20,13.68,14.11,13.66,14.09,11.9077489133,12385055,0.0000,1.0
2017-11-17,13.3,13.69,13.25,13.68,11.5612494772,12888760,0.0000,1.0
2017-11-16,13.21,13.42,13.21,13.27,11.2147500412,14818149,0.0000,1.0
2017-11-15,13.2,13.32,13.1,13.16,11.1217867778,11998585,0.0000,1.0
2017-11-14,13.38,13.48,13.23,13.27,11.2147500412,11346109,0.0000,1.0
2017-11-13,13.67,13.695,13.47,13.48,11.3922253621,14572608,0.0000,1.0
2017-11-10,13.72,13.75,13.6,13.7,11.5781518888,4517873,0.0000,1.0
2017-11-09,13.48,13.75,13.47,13.72,11.5950543003,6230916,0.0000,1.0
2017-11-08,13.56,13.59,13.46,13.54,11.4429325966,7751813,0.0000,1.0
2017-11-07,13.6,13.74,13.52,13.57,11.4682862139,7359941,0.0000,1.0
2017-11-06,13.46,13.63,13.24,13.63,11.5189934485,9582548,0.0000,1.0
2017-11-03,13.62,13.63,13.4,13.5,11.4091277736,9542917,0.0000,1.0
2017-11-02,13.57,13.66,13.485,13.63,11.5189934485,17511229,0.0000,1.0
2017-11-01,13.94,13.94,13.47,13.6,11.4936398312,15483371,0.0000,1.0
2017-10-31,14.02,14.055,13.875,13.92,11.7640784154,10224747,0.0000,1.0
2017-10-30,14.23,14.28,13.91,13.98,11.81478565,11939031,0.0000,1.0
2017-10-27,14.27,14.34,14.18,14.28,12.0683218227,7032655,0.0000,1.0
2017-10-26,14.21,14.31,14.08,14.25,12.0429682055,6967627,0.0000,1.0
2017-10-25,14.28,14.29,13.88,14.08,11.8992977076,14809232,0.0000,1.0
2017-10-24,14.25,14.475,14.23,14.31,12.09367544,8198240,0.0000,1.0
2017-10-23,14.09,14.325,14.06,14.25,12.0429682055,8396436,0.0000,1.0
2017-10-20,13.88,14.185,13.8,14.04,11.8654928845,12456429,0.0000,1.0
2017-10-19,14.5,14.53,13.8,13.86,11.7133711809,22853079,0.0000,1.0
2017-10-18,14.67,14.8,14.665,14.7,12.4232724646,6827106,0.0000,1.0
2017-10-17,14.84,14.89,14.545,14.61,12.3472116128,12166209,0.0000,1.0
2017-10-16,14.88,14.96,14.81,14.86,12.5584917567,6312045,0.0000,1.0
2017-10-13,14.65,15.06,14.64,14.89,12.583845374,9923117,0.0000,1.0
2017-10-12,14.93,14.94,14.73,14.8,12.5077845222,8238410,0.0000,1.0
2017-10-11,14.94,15.04,14.85,14.94,12.6261014028,9567667,0.0000,1.0
2017-10-10,14.82,15.03,14.81,14.96,12.6430038143,9310209,0.0000,1.0
2017-10-09,14.84,14.97,14.77,14.8,12.5077845222,6254594,0.0000,1.0
2017-10-06,14.79,14.85,14.58,14.8,12.5077845222,11824806,0.0000,1.0
2017-10-05,14.84,14.96,14.76,14.83,12.5331381394,7074433,0.0000,1.0
2017-10-04,14.7,14.89,14.55,14.8,12.5077845222,7636327,0.0000,1.0
2017-10-03,14.97,14.9872,14.62,14.69,12.4148212588,10197068,0.0000,1.0
2017-10-02,14.68,15.0,14.65,14.97,12.6514550201,13708630,0.0000,1.0
2017-09-29,14.6,14.75,14.54,14.71,12.4317236703,6718499,0.0000,1.0
2017-09-28,14.84,14.94,14.565,14.57,12.3134067897,11473115,0.0000,1.0
2017-09-27,14.89,15.12,14.82,14.85,12.550040551,21879668,0.0000,1.0
2017-09-26,14.74,15.08,14.69,14.89,12.583845374,25645196,0.0000,1.0
2017-09-25,14.19,14.72,14.17,14.7,12.4232724646,29470699,0.0000,1.0
2017-09-22,13.86,14.29,13.82,14.26,12.0514194112,22664344,0.0000,1.0
2017-09-21,13.6,13.9,13.51,13.79,11.6542127406,22595359,0.0000,1.0
2017-09-20,13.58,13.68,13.5,13.63,11.5189934485,17287339,0.0000,1.0
2017-09-19,13.56,13.64,13.47,13.49,11.4006765678,10076295,0.0000,1.0
2017-09-18,13.57,13.72,13.51,13.54,11.4429325966,12513653,0.0000,1.0
2017-09-15,13.37,13.56,13.32,13.52,11.4260301851,15490584,0.0000,1.0
2017-09-14,13.18,13.53,13.13,13.47,11.3837741563,16055264,0.0000,1.0
2017-09-13,13.08,13.25,12.97,13.23,11.1809452181,24975047,0.0000,1.0
2017-09-12,13.36,13.41,12.99,13.12,11.0879819548,19344946,0.0650,1.0
2017-09-11,13.3,13.47,13.24,13.35,11.2267394081,16409500,0.0000,1.0
2017-09-08,13.289,13.385,13.06,13.12,11.0333199277,24049162,0.0000,1.0
2017-09-07,13.73,13.77,13.25,13.25,11.1426439819,26953597,0.0000,1.0
2017-09-06,14.29,14.32,13.6,13.77,11.5799401985,40545575,0.0000,1.0
2017-09-05,14.2,14.4,13.83,14.04,11.8069978495,26755931,0.0000,1.0
2017-09-01,14.13,14.39,13.82,14.31,12.0340555004,22355800,4.0512,1.0
2017-08-31,17.98,18.135,17.95,18.06,11.8366244067,11306288,0.0000,1.0
2017-08-30,17.88,17.99,17.775,17.98,11.7841919619,6273602,0.0000,1.0
2017-08-29,17.65,17.945,17.58,17.92,11.7448676283,5897102,0.0000,1.0
2017-08-28,17.98,17.98,17.675,17.79,11.6596649056,7467109,0.0000,1.0
2017-08-25,17.99,18.14,17.805,17.95,11.7645297951,9025199,0.0000,1.0
2017-08-24,17.72,18.06,17.66,17.95,11.7645297951,6602019,0.0000,1.0
2017-08-23,17.55,17.75,17.53,17.71,11.6072324608,7030629,0.0000,1.0
2017-08-22,17.36,17.7,17.35,17.67,11.5810162384,5433392,0.0000,1.0
2017-08-21,17.2,17.35,17.08,17.31,11.345070237,6085342,0.0000,1.0
2017-08-18,17.26,17.4,17.09,17.18,11.2598675142,9537171,0.0000,1.0
2017-08-17,17.52,17.68,17.3,17.3,11.3385161814,9048054,0.0000,1.0
2017-08-16,17.74,17.87,17.525,17.6,11.5351378492,4870139,0.0000,1.0
2017-08-15,17.56,17.84,17.53,17.75,11.6334486832,8284151,0.0000,1.0
2017-08-14,17.49,17.85,17.46,17.58,11.522029738,7945475,0.0000,1.0
2017-08-11,17.2,17.37,17.155,17.3,11.3385161814,5277950,0.0000,1.0
2017-08-10,17.6,17.6,17.07,17.12,11.2205431806,8824653,0.0000,1.0
2017-08-09,17.55,17.7,17.44,17.64,11.5613540716,6964043,0.0000,1.0
2017-08-08,17.59,17.7,17.52,17.63,11.554800016,7892874,0.0000,1.0
2017-08-07,17.49,17.645,17.45,17.63,11.554800016,4584377,0.0000,1.0
2017-08-04,17.29,17.57,17.29,17.51,11.4761513489,6302495,0.0000,1.0
2017-08-03,17.34,17.36,17.16,17.29,11.3319621258,6652706,0.0000,1.0
2017-08-02,17.59,17.64,17.27,17.35,11.3712864593,7966673,0.0000,1.0
2017-08-01,17.55,17.6,17.445,17.55,11.5023675713,7710533,0.0000,1.0
2017-07-31,17.6,17.745,17.5,17.51,11.4761513489,8721816,0.0000,1.0
2017-07-28,17.5,17.55,17.29,17.51,11.4761513489,8969223,0.0000,1.0
2017-07-27,17.7,17.7,17.395,17.55,11.5023675713,10207461,0.0000,1.0
2017-07-26,17.9,17.96,17.55,17.61,11.5416919048,7964872,0.0000,1.0
2017-07-25,17.84,18.01,17.74,17.88,11.7186514059,7517103,0.0000,1.0
2017-07-24,17.98,18.1,17.79,17.84,11.6924351835,10919480,0.0000,1.0
2017-07-21,17.86,18.03,17.77,18.01,11.8038541287,11785594,0.0000,1.0
2017-07-20,17.67,17.93,17.65,17.9,11.7317595171,13911283,0.0000,1.0
2017-07-19,17.25,17.71,17.25,17.67,11.5810162384,13106446,0.0000,1.0
2017-07-18,17.2,17.25,17.05,17.15,11.2402053474,10355779,0.0000,1.0
2017-07-17,17.19,17.32,17.095,17.23,11.2926377922,7731114,0.0000,1.0
2017-07-14,17.1,17.23,17.02,17.19,11.2664215698,5711515,0.0000,1.0
2017-07-13,16.79,17.16,16.76,17.09,11.2008810138,13654799,0.0000,1.0
2017-07-12,16.75,16.85,16.575,16.79,11.004259346,10422490,0.0000,1.0
2017-07-11,16.71,16.85,16.57,16.78,10.9977052904,9111532,0.0000,1.0
2017-07-10,16.61,16.835,16.6,16.74,10.971489068,10006068,0.0000,1.0
2017-07-07,16.52,16.65,16.4,16.61,10.8862863452,13006554,0.0000,1.0
2017-07-06,16.85,16.92,16.42,16.48,10.8010836225,14527149,0.0000,1.0
2017-07-05,16.72,16.99,16.71,16.94,11.1025701799,10798236,0.0000,1.0
2017-07-03,16.67,16.89,16.67,16.67,10.9256106788,4566581,0.0000,1.0
2017-06-30,16.73,16.8,16.58,16.59,10.873178234,8735472,0.0000,1.0
2017-06-29,16.75,16.8,16.37,16.65,10.9125025676,12701327,0.0000,1.0
2017-06-28,16.59,16.96,16.5,16.9,11.0763539575,10117427,0.0000,1.0
2017-06-27,16.74,16.79,16.5,16.5,10.8141917337,9802863,0.0000,1.0
2017-06-26,16.87,16.98,16.79,16.81,11.0173674571,10787943,0.0000,1.0
2017-06-23,16.75,17.0,16.66,16.85,11.0435836795,17037793,0.0000,1.0
2017-06-22,16.54,16.75,16.5,16.68,10.9321647344,7940591,0.0000,1.0
2017-06-21,16.7,16.79,16.54,16.57,10.8600701228,9438654,0.0000,1.0
2017-06-20,16.69,16.74,16.48,16.64,10.905948512,12896515,0.0000,1.0
2017-06-19,16.51,16.77,16.51,16.72,10.9583809568,11130370,0.0000,1.0
2017-06-16,16.58,16.61,16.44,16.49,10.8076376781,15005698,0.0000,1.0
2017-06-15,16.7,16.76,16.47,16.52,10.8272998449,17815515,0.0000,1.0
2017-06-14,16.85,16.95,16.65,16.74,10.971489068,11392675,0.0000,1.0
2017-06-13,16.82,16.97,16.8,16.88,11.0632458463,12160915,0.0000,1.0
2017-06-12,16.89,16.98,16.56,16.85,11.0435836795,11555220,0.0650,1.0
2017-06-09,17.04,17.32,16.805,16.99,11.0925502049,10517977,0.0000,1.0
2017-06-08,17.09,17.12,16.98,17.05,11.1317234251,10657804,0.0000,1.0
2017-06-07,17.03,17.24,17.01,17.04,11.1251945551,14542052,0.0000,1.0
2017-06-06,17.14,17.19,17.03,17.03,11.118665685,13801809,0.0000,1.0
2017-06-05,17.34,17.35,17.13,17.16,11.2035409956,15521459,0.0000,1.0
2017-06-02,17.34,17.58,16.95,17.4,11.3602338767,29914649,0.0000,1.0
2017-06-01,18.35,18.37,17.47,17.52,11.4385803172,388790,0.0000,1.0
2017-05-31,18.8,18.875,18.56,18.81,12.2808045529,23343784,0.0000,1.0
2017-05-30,18.78,18.93,18.69,18.85,12.3069200331,17734265,0.0000,1.0
2017-05-26,18.85,18.89,18.74,18.83,12.293862293,13431357,0.0000,1.0
2017-05-25,18.97,19.0,18.81,18.84,12.300391163,15812371,0.0000,1.0
2017-05-24,18.84,18.98,18.78,18.91,12.3460932533,11762730,0.0000,1.0
2017-05-23,18.87,18.9,18.75,18.86,12.3134489031,13899901,0.0000,1.0
2017-05-22,18.52,18.85,18.51,18.79,12.2677468128,12605881,0.0000,1.0
2017-05-19,18.84,19.0,18.47,18.53,12.0979961916,20128881,0.0000,1.0
2017-05-18,18.65,18.96,18.52,18.78,12.2612179427,12428219,0.0000,1.0
2017-05-17,18.93,19.025,18.72,18.8,12.2742756828,12770089,0.0000,1.0
2017-05-16,19.0,19.16,18.915,19.11,12.4766706542,9391480,0.0000,1.0
2017-05-15,18.9,19.13,18.87,18.99,12.3983242137,10679245,0.0000,1.0
2017-05-12,18.88,19.02,18.84,18.88,12.3265066432,9556246,0.0000,1.0
2017-05-11,18.92,19.055,18.805,18.86,12.3134489031,12415980,0.0000,1.0
2017-05-10,18.79,19.0,18.75,19.0,12.4048530837,11297233,0.0000,1.0
2017-05-09,18.87,18.97,18.635,18.78,12.2612179427,16245822,0.0000,1.0
2017-05-08,18.84,18.95,18.76,18.89,12.3330355132,9048071,0.0000,1.0
2017-05-05,18.84,18.85,18.67,18.83,12.293862293,12654728,0.0000,1.0
2017-05-04,18.75,18.8,18.61,18.75,12.2416313326,6535957,0.0000,1.0
2017-05-03,18.66,18.77,18.57,18.67,12.1894003723,10992661,0.0000,1.0
2017-05-02,18.72,18.84,18.66,18.7,12.2089869824,7748394,0.0000,1.0
2017-05-01,18.69,18.83,18.64,18.73,12.2285735925,8204858,0.0000,1.0
2017-04-28,18.62,18.7,18.49,18.63,12.1632848921,9272515,0.0000,1.0
2017-04-27,18.6,18.66,18.43,18.63,12.1632848921,13804259,0.0000,1.0
2017-04-26,18.5,18.78,18.42,18.61,12.150227152,10882719,0.0000,1.0
2017-04-25,18.49,18.59,18.42,18.52,12.0914673216,6217376,0.0000,1.0
2017-04-24,18.25,18.54,18.205,18.44,12.0392363612,14046458,0.0000,1.0
2017-04-21,18.3,18.315,18.02,18.14,11.8433702599,12252832,0.0000,1.0
2017-04-20,18.23,18.41,18.175,18.33,11.9674187908,10243907,0.0000,1.0
2017-04-19,18.15,18.29,18.09,18.16,11.856428,7302954,0.0000,1.0
2017-04-18,18.08,18.2,17.9843,18.13,11.8368413899,8009906,0.0000,1.0
2017-04-17,18.02,18.13,17.98,18.11,11.8237836498,7940003,0.0000,1.0
2017-04-13,18.01,18.16,17.94,17.99,11.7454372093,16281369,0.0000,1.0
2017-04-12,18.33,18.34,17.94,18.05,11.7846104295,13722972,0.0000,1.0
2017-04-11,18.26,18.35,18.09,18.18,11.8694857401,11342890,0.0000,1.0
2017-04-10,18.34,18.51,18.24,18.3,11.9478321806,22041193,0.0000,1.0
2017-04-07,17.95,18.45,17.91,18.28,11.9347744405,28146637,0.0000,1.0
2017-04-06,17.98,18.13,17.91,18.02,11.7650238194,12394962,0.0000,1.0
2017-04-05,17.98,18.1,17.78,17.9,11.6866773789,19009037,0.0000,1.0
2017-04-04,17.4,17.91,17.35,17.9,11.6866773789,19049173,0.0000,1.0
2017-04-03,18.0,18.06,17.31,17.57,11.4712246674,320156,5.8191,1.0
2017-03-31,23.43,24.0,23.43,23.7,11.6237031741,14225838,0.0000,1.0
2017-03-30,23.6,23.82,23.52,23.62,11.5844670452,8948331,0.0000,1.0
2017-03-29,23.0,23.93,22.905,23.67,11.6089896258,17229456,0.0000,1.0
2017-03-28,22.69,23.21,22.6301,23.01,11.2852915627,8411514,0.0000,1.0
2017-03-27,22.55,22.85,22.38,22.72,11.1430605956,6688789,0.0000,1.0
2017-03-24,22.86,23.24,22.63,22.77,11.1675831761,9174040,0.0000,1.0
2017-03-23,22.45,22.96,22.38,22.8,11.1822967244,9762148,0.0000,1.0
2017-03-22,22.22,22.55,22.1,22.5,11.0351612412,9092632,0.0000,1.0
2017-03-21,22.95,23.08,22.2,22.25,10.9125483385,16223977,0.0000,1.0
2017-03-20,22.77,23.065,22.66,22.95,11.255864466,8572873,0.0000,1.0
2017-03-17,22.65,22.99,22.51,22.85,11.206819305,12379737,0.0000,1.0
2017-03-16,22.7,22.86,22.5,22.64,11.1038244667,10297833,0.0000,1.0
2017-03-15,22.23,22.85,22.11,22.69,11.1283470472,14013911,0.0000,1.0
2017-03-14,22.24,22.33,22.02,22.23,10.9027393063,10088371,0.0000,1.0
2017-03-13,22.19,22.43,22.17,22.32,10.9468799513,10088381,0.0650,1.0
2017-03-10,22.53,22.69,22.2,22.37,10.9395445392,11153683,0.0000,1.0
2017-03-09,22.53,22.69,22.38,22.47,10.9884472864,11029658,0.0000,1.0
2017-03-08,22.8,22.85,22.57,22.62,11.0618014071,12704973,0.0000,1.0
2017-03-07,22.97,23.19,22.7,22.82,11.1596069014,13896101,0.0000,1.0
2017-03-06,22.85,23.13,22.83,23.07,11.2818637693,15560509,0.0000,1.0
2017-03-03,22.91,23.27,22.88,23.05,11.2720832199,11568060,0.0000,1.0
2017-03-02,23.12,23.21,22.84,22.95,11.2231804727,10778125,0.0000,1.0
2017-03-01,23.01,23.3,22.93,23.18,11.3356567912,13272324,0.0000,1.0
2017-02-28,22.07,22.875,22.0,22.82,11.1596069014,18360146,0.0000,1.0
2017-02-27,22.76,22.76,22.27,22.31,10.9102028909,19012400,0.0000,1.0
2017-02-24,22.125,22.98,22.1,22.96,11.2280707474,468818,0.0000,1.0
2017-02-23,24.83,24.86,24.5,24.66,12.0594174491,13305792,0.0000,1.0
2017-02-22,24.54,24.88,24.5,24.78,12.1181007457,7642602,0.0000,1.0
2017-02-21,24.4,24.7,24.36,24.66,12.0594174491,9460196,0.0000,1.0
2017-02-17,24.25,24.42,24.13,24.4,11.9322703065,7583435,0.0000,1.0
2017-02-16,24.37,24.48,24.21,24.33,11.8980383835,6849111,0.0000,1.0
2017-02-15,24.22,24.44,24.09,24.38,11.9224897571,6836444,0.0000,1.0
2017-02-14,24.08,24.15,23.96,24.14,11.8051231639,9756502,0.0000,1.0
2017-02-13,24.02,24.23,23.96,24.12,11.7953426145,6467918,0.0000,1.0
2017-02-10,24.08,24.26,23.98,23.99,11.7317690432,8311147,0.0000,1.0
2017-02-09,23.69,24.12,23.56,24.08,11.7757815156,7010194,0.0000,1.0
2017-02-08,23.62,23.88,23.55,23.63,11.5557191534,6084922,0.0000,1.0
2017-02-07,23.54,23.795,23.52,23.69,11.5850608017,6505100,0.0000,1.0
2017-02-06,23.35,23.66,23.31,23.54,11.511706681,5493289,0.0000,1.0
2017-02-03,22.75,23.58,22.75,23.5,11.4921455821,13433295,0.0000,1.0
2017-02-02,22.26,22.735,22.26,22.69,11.0960333301,8296898,0.0000,1.0
2017-02-01,22.73,22.78,22.37,22.59,11.047130583,9739734,0.0000,1.0
2017-01-31,22.14,22.69,21.84,22.68,11.0911430554,12485377,0.0000,1.0
2017-01-30,22.49,22.49,21.99,22.15,10.8319584955,9345204,0.0000,1.0
2017-01-27,22.73,22.8,22.48,22.55,11.0275694841,6810009,0.0000,1.0
2017-01-26,22.96,23.09,22.62,22.62,11.0618014071,6134510,0.0000,1.0
2017-01-25,23.02,23.14,22.835,22.98,11.2378512969,7295879,0.0000,1.0
2017-01-24,22.71,23.09,22.66,22.89,11.1938388244,8221029,0.0000,1.0
2017-01-23,22.82,22.93,22.39,22.57,11.0373500335,9075315,0.0000,1.0
2017-01-20,22.79,22.9,22.64,22.88,11.1889485497,9054790,0.0000,1.0
2017-01-19,22.79,22.88,22.68,22.77,11.1351555278,5798493,0.0000,1.0
2017-01-18,22.77,22.99,22.59,22.86,11.1791680003,8449101,0.0000,1.0
2017-01-17,22.83,22.99,22.635,22.69,11.0960333301,5902467,0.0000,1.0
2017-01-13,22.75,23.05,22.74,22.94,11.218290198,5757032,0.0000,1.0
2017-01-12,22.73,22.84,22.425,22.75,11.1253749784,8273242,0.0000,1.0
2017-01-11,22.92,22.98,22.61,22.76,11.1302652531,9276997,0.0000,1.0
2017-01-10,22.69,23.01,22.51,22.95,11.2231804727,13491465,0.0000,1.0
2017-01-09,23.14,23.1833,22.51,22.56,11.0324597588,14292746,0.0000,1.0
2017-01-06,23.57,23.57,22.41,23.1,11.2965345935,14541596,0.0000,1.0
2017-01-05,23.45,23.58,23.33,23.56,11.5214872304,11556223,0.0000,1.0
2017-01-04,23.3,23.71,23.24,23.45,11.4676942085,6956529,0.0000,1.0
2017-01-03,23.19,23.47,22.98,23.2,11.3454373406,8056583,0.0000,1.0
2016-12-30,23.23,23.45,23.03,23.14,11.3160956923,6313337,0.0000,1.0
2016-12-29,23.28,23.47,23.18,23.34,11.4139011866,5149336,0.0000,1.0
2016-12-28,23.82,23.82,23.29,23.3,11.3943400878,6595343,0.0000,1.0
2016-12-27,23.81,23.9,23.62,23.74,11.6095121753,3784973,0.0000,1.0
2016-12-23,23.77,23.84,23.68,23.82,11.648634373,5898300,0.0000,1.0
2016-12-22,23.91,23.99,23.52,23.76,11.6192927247,6402347,0.0000,1.0
2016-12-21,23.84,24.04,23.795,23.89,11.682866296,5421404,0.0000,1.0
2016-12-20,23.77,23.98,23.65,23.84,11.6584149224,9068099,0.0000,1.0
2016-12-19,23.42,23.9,23.42,23.73,11.6046219006,6799929,0.0000,1.0
2016-12-16,23.63,23.785,23.38,23.49,11.4872553074,20624216,0.0000,1.0
2016-12-15,23.85,23.87,23.67,23.73,11.6046219006,16103093,0.0000,1.0
2016-12-14,23.74,24.38,23.73,23.92,11.6975371202,9834236,0.0000,1.0
2016-12-13,23.84,24.22,23.75,23.93,11.7024273949,10863053,0.0000,1.0
2016-12-12,24.09,24.22,23.7,23.9,11.6877565707,12350596,0.0650,1.0
2016-12-09,24.56,24.77,24.32,24.51,11.9535536636,13314094,0.0000,1.0
2016-12-08,24.65,24.79,24.51,24.64,12.016954805,7100188,0.0000,1.0
2016-12-07,23.84,24.79,23.81,24.68,12.0364628485,16290602,0.0000,1.0
2016-12-06,24.16,24.18,23.89,23.96,11.6853180653,9846405,0.0000,1.0
2016-12-05,23.92,24.22,23.83,24.21,11.8072433372,10272231,0.0000,1.0
2016-12-02,23.36,23.9,23.34,23.85,11.6316709456,7340248,0.0000,1.0
2016-12-01,23.75,23.9,23.33,23.37,11.3975744234,12190465,0.0000,1.0
2016-11-30,23.79,23.895,23.63,23.8,11.6072858912,14472344,0.0000,1.0
2016-11-29,23.22,23.9,23.22,23.74,11.578023826,14084483,0.0000,1.0
2016-11-28,22.97,23.39,22.88,23.34,11.3829433908,21856006,0.0000,1.0
2016-11-25,23.02,23.39,22.71,23.22,11.3244192603,10647783,0.0000,1.0
2016-11-23,22.7,23.63,22.47,23.55,11.4853606193,21568380,0.0000,1.0
2016-11-22,23.1,23.34,22.605,22.87,11.1537238795,24165979,0.0000,1.0
2016-11-21,23.42,23.55,22.81,23.12,11.2756491515,23305434,0.0000,1.0
2016-11-18,23.689,23.85,23.27,23.31,11.3683123582,16593182,0.0000,1.0
2016-11-17,23.47,23.67,23.26,23.6,11.5097456737,10900544,0.0000,1.0
2016-11-16,23.31,23.65,23.21,23.53,11.4756065975,11548963,0.0000,1.0
2016-11-15,23.47,23.53,23.14,23.41,11.417082467,14775395,0.0000,1.0
2016-11-14,23.35,23.62,23.07,23.35,11.3878204017,12373592,0.0000,1.0
2016-11-11,23.02,23.38,22.92,23.31,11.3683123582,9448817,0.0000,1.0
2016-11-10,23.35,23.69,22.91,23.07,11.2512640971,12990824,0.0000,1.0
2016-11-09,22.44,23.55,22.36,23.23,11.3292962711,15356547,0.0000,1.0
2016-11-08,23.11,23.49,22.89,23.24,11.334173282,12794561,0.0000,1.0
2016-11-07,22.38,23.19,22.37,23.11,11.2707721406,10804732,0.0000,1.0
2016-11-04,21.64,22.399,21.52,22.04,10.7489319766,7716082,0.0000,1.0
2016-11-03,22.07,22.18,21.76,21.8,10.6318837155,6997671,0.0000,1.0
2016-11-02,22.04,22.17,21.87,22.02,10.7391779548,8328028,0.0000,1.0
2016-11-01,22.42,22.56,21.77,22.08,10.7684400201,7379247,0.0000,1.0
2016-10-31,22.25,22.52,22.22,22.47,10.9586434444,8140891,0.0000,1.0
2016-10-28,22.2,22.49,22.0,22.17,10.812333118,7507153,0.0000,1.0
2016-10-27,21.88,22.39,21.88,22.19,10.8220871398,12645578,0.0000,1.0
2016-10-26,21.53,21.81,21.47,21.8,10.6318837155,7602475,0.0000,1.0
2016-10-25,21.65,21.7,21.39,21.6,10.5343434979,9246243,0.0000,1.0
2016-10-24,21.68,21.79,21.59,21.68,10.5733595849,9044100,0.0000,1.0
2016-10-21,21.7,21.73,21.45,21.63,10.5489745306,11967316,0.0000,1.0
2016-10-20,21.63,21.91,21.54,21.88,10.6708998025,10591234,0.0000,1.0
2016-10-19,21.61,21.97,21.55,21.73,10.5977446393,17489613,0.0000,1.0
2016-10-18,21.54,21.59,21.1,21.47,10.4709423565,11685976,0.0000,1.0
2016-10-17,21.5,21.69,21.21,21.27,10.3734021389,11645797,0.0000,1.0
2016-10-14,21.54,21.95,21.475,21.53,10.5002044218,13561328,0.0000,1.0
2016-10-13,21.78,21.95,21.46,21.76,10.612375672,13811557,0.0000,1.0
2016-10-12,22.08,22.12,21.8,22.0,10.7294239331,7762767,0.0000,1.0
2016-10-11,22.5,22.5,21.895,21.98,10.7196699113,10109745,0.0000,1.0
2016-10-10,22.48,22.69,22.44,22.5,10.973274477,9202424,0.0000,1.0
2016-10-07,22.67,22.7,22.17,22.34,10.8952423029,9363568,0.0550,1.0
2016-10-06,22.74,22.85,22.63,22.68,11.0338957549,6550214,0.0000,1.0
2016-10-05,22.46,22.87,22.46,22.8,11.0922761557,7272265,0.0000,1.0
2016-10-04,22.68,22.93,22.26,22.39,10.8928097862,9134892,0.0000,1.0
2016-10-03,22.59,22.835,22.55,22.65,11.0193006547,11689886,0.0000,1.0
2016-09-30,23.08,23.29,22.59,22.75,11.0679509887,16209332,0.0000,1.0
2016-09-29,22.96,23.31,22.875,22.9,11.1409264897,9053453,0.0000,1.0
2016-09-28,23.0,23.19,22.82,23.04,11.2090369573,7072567,0.0000,1.0
2016-09-27,22.69,23.025,22.561,22.92,11.1506565565,13124750,0.0000,1.0
2016-09-26,22.86,22.965,22.64,22.79,11.0874111223,8107145,0.0000,1.0
2016-09-23,23.13,23.265,22.91,22.98,11.1798467569,7244354,0.0000,1.0
2016-09-22,23.14,23.53,23.14,23.24,11.3063376254,10239239,0.0000,1.0
2016-09-21,22.6,23.12,22.57,23.12,11.2479572246,10676569,0.0000,1.0
2016-09-20,22.755,22.945,22.62,22.62,11.0047055545,9668378,0.0000,1.0
2016-09-19,22.37,23.0,22.36,22.68,11.0338957549,12007924,0.0000,1.0
2016-09-16,22.07,22.32,21.96,22.26,10.829564352,16346835,0.0000,1.0
2016-09-15,21.32,22.14,21.29,22.13,10.7663189178,12907651,0.0000,1.0
2016-09-14,21.13,21.415,21.09,21.36,10.3917113459,10976841,0.0000,1.0
2016-09-13,21.1,21.37,21.05,21.16,10.2944106778,12002458,0.0000,1.0
2016-09-12,20.72,21.415,20.63,21.29,10.3576561121,12750159,0.0000,1.0
2016-09-09,21.15,21.47,20.92,20.92,10.1776498762,15764988,0.0000,1.0
2016-09-08,22.0,22.2,21.32,21.38,10.4014414127,29248074,0.0000,1.0
2016-09-07,22.01,22.32,21.51,22.09,10.7468587842,20518200,0.0000,1.0
2016-09-06,22.18,22.18,21.75,21.86,10.634963016,8535162,0.0000,1.0
2016-09-02,22.17,22.3,21.94,22.21,10.805239185,6567478,0.0000,1.0
2016-09-01,21.43,22.32,21.08,22.16,10.780914018,18914046,0.0000,1.0
2016-08-31,21.54,21.68,21.16,21.48,10.4500917467,9559777,0.0000,1.0
2016-08-30,21.93,21.96,21.45,21.58,10.4987420807,9164028,0.0000,1.0
2016-08-29,21.76,22.13,21.73,21.84,10.6252329491,5886444,0.0000,1.0
2016-08-26,21.9,22.09,21.61,21.78,10.5960427487,5290425,0.0000,1.0
2016-08-25,21.63,21.935,21.45,21.84,10.6252329491,7169385,0.0000,1.0
2016-08-24,21.92,22.05,21.67,21.69,10.5522574481,4513034,0.0000,1.0
2016-08-23,22.03,22.07,21.875,21.93,10.6690182498,7914489,0.0000,1.0
2016-08-22,21.82,21.975,21.63,21.94,10.6738832832,4439999,0.0000,1.0
2016-08-19,21.78,21.96,21.74,21.88,10.6446930828,6041332,0.0000,1.0
2016-08-18,21.54,21.89,21.54,21.86,10.634963016,6718078,0.0000,1.0
2016-08-17,22.06,22.19,21.48,21.64,10.5279322811,9769586,0.0000,1.0
2016-08-16,21.9,22.17,21.8103,22.07,10.7371287174,6101637,0.0000,1.0
2016-08-15,21.93,22.19,21.9,22.01,10.707938517,7158478,0.0000,1.0
2016-08-12,21.68,21.96,21.495,21.89,10.6495581162,10561285,0.0000,1.0
2016-08-11,21.59,21.86,21.52,21.78,10.5960427487,7576648,0.0000,1.0
2016-08-10,21.73,21.75,21.43,21.55,10.4841469805,5689398,0.0000,1.0
2016-08-09,21.73,21.86,21.62,21.7,10.5571224815,8058617,0.0000,1.0
2016-08-08,22.0,22.17,21.58,21.65,10.5327973145,7776238,0.0000,1.0
2016-08-05,21.84,22.2,21.77,21.91,10.659288183,9491096,0.0000,1.0
2016-08-04,21.48,21.92,21.46,21.76,10.5863126819,8920924,0.0000,1.0
2016-08-03,20.77,21.52,20.68,21.51,10.4646868469,13898025,0.0000,1.0
2016-08-02,21.03,21.1,20.645,20.77,10.1046743752,11025713,0.0000,1.0
2016-08-01,21.14,21.59,20.63,21.08,10.2554904106,13895483,0.0000,1.0
2016-07-29,20.32,21.9,20.1,21.02,10.2263002102,31459562,0.0000,1.0
2016-07-28,20.3,20.43,20.15,20.31,9.8808828387,4357541,0.0000,1.0
2016-07-27,20.5,20.665,20.258,20.35,9.90034297231,6553328,0.0000,1.0
2016-07-26,20.19,20.46,20.145,20.45,9.94899330632,7947430,0.0000,1.0
2016-07-25,20.35,20.49,20.19,20.21,9.83223250468,9714931,0.0000,1.0
2016-07-22,19.82,20.05,19.74,20.05,9.75439197026,8366480,0.0000,1.0
2016-07-21,20.03,20.16,19.705,19.75,9.60844096821,9097923,0.0000,1.0
2016-07-20,19.8,20.08,19.725,20.06,9.75925700366,5313971,0.0000,1.0
2016-07-19,19.69,19.94,19.68,19.79,9.62790110182,5534704,0.0000,1.0
2016-07-18,19.72,19.98,19.65,19.79,9.62790110182,5857580,0.0000,1.0
2016-07-15,20.08,20.17,19.69,19.77,9.61817103501,8745251,0.0000,1.0
2016-07-14,19.62,20.1664,19.62,19.99,9.72520176985,14919726,0.0000,1.0
2016-07-13,19.69,19.76,19.3,19.5,9.48681513317,6865346,0.0000,1.0
2016-07-12,19.43,19.9,19.43,19.69,9.5792507678,12951494,0.0000,1.0
2016-07-11,19.15,19.465,19.14,19.34,9.40897459874,10161080,0.0000,1.0
2016-07-08,18.76,19.04,18.575,19.04,9.26302359669,10898502,0.0000,1.0
2016-07-07,18.34,18.71,18.34,18.47,8.9857166928,6276990,0.0000,1.0
2016-07-06,18.0,18.43,17.92,18.4,8.95166145899,7264082,0.0000,1.0
2016-07-05,18.39,18.43,17.94,18.2,8.85436079096,6134837,0.0000,1.0
2016-07-01,18.47,18.64,18.15,18.49,8.9954467596,8928465,0.0000,1.0
2016-06-30,17.92,18.5,17.88,18.27,8.88841602477,12492682,0.0000,1.0
2016-06-29,17.74,17.91,17.605,17.78,8.65002938809,8259949,0.0000,1.0
2016-06-28,17.5,17.58,17.105,17.4,8.46515811883,12854721,0.0000,1.0
2016-06-27,18.0,18.01,16.965,17.2,8.36785745079,18517647,0.0000,1.0
2016-06-24,18.61,19.08,18.11,18.16,8.83490065735,25420729,0.0000,1.0
2016-06-23,19.37,19.69,19.34,19.65,9.55979063419,10184380,0.0000,1.0
2016-06-22,19.66,19.76,19.19,19.21,9.34572916452,10573261,0.0000,1.0
2016-06-21,19.41,19.85,19.26,19.76,9.61330600161,11557672,0.0000,1.0
2016-06-20,19.22,19.61,19.16,19.38,9.42843473235,15869472,0.0000,1.0
2016-06-17,18.59,19.01,18.49,18.94,9.21437326268,16641098,0.0000,1.0
2016-06-16,18.68,18.83,18.575,18.66,9.07815232743,12329670,0.0000,1.0
2016-06-15,18.43,19.06,18.41,18.8,9.14626279505,11967601,0.0000,1.0
2016-06-14,18.47,18.64,18.215,18.31,8.90787615838,14355452,0.0000,1.0
2016-06-13,19.01,19.15,18.58,18.6,9.04896212702,10146966,0.0000,1.0
2016-06-10,19.31,19.33,18.9,19.12,9.30194386391,9830680,0.0000,1.0
2016-06-09,19.39,19.65,19.33,19.55,9.51114030018,9375174,0.0000,1.0
2016-06-08,19.27,19.62,19.2,19.35,9.41383963214,15820732,0.0000,1.0
2016-06-07,18.84,19.245,18.77,19.16,9.32140399751,14286211,0.0000,1.0
2016-06-06,18.28,18.97,18.28,18.9,9.19491312907,12839226,0.0550,1.0
2016-06-03,18.4,18.5,18.28,18.35,8.90143265199,9285495,0.0000,1.0
2016-06-02,18.14,18.53,18.1,18.5,8.97419640664,13663287,0.0000,1.0
2016-06-01,18.31,18.38,18.14,18.29,8.87232715013,12288770,0.0000,1.0
2016-05-31,18.0,18.47,17.76,18.47,8.95964365571,24952212,0.0000,1.0
2016-05-27,17.46,18.34,17.46,18.26,8.8577743992,22957141,0.0000,1.0
2016-05-26,17.0,17.69,16.84,17.39,8.43574462224,21733075,0.0000,1.0
2016-05-25,18.33,18.5,17.12,17.35,8.41634095433,43848808,0.0000,1.0
2016-05-24,16.1,16.34,15.99,16.25,7.88274008691,12488390,0.0000,1.0
2016-05-23,15.88,16.27,15.87,16.07,7.79542358133,8649851,0.0000,1.0
2016-05-20,15.76,15.99,15.66,15.87,7.6984052418,8982944,0.0000,1.0
2016-05-19,15.51,15.79,15.38,15.78,7.65474698901,6684880,0.0000,1.0
2016-05-18,15.79,15.93,15.515,15.67,7.60138690227,6576502,0.0000,1.0
2016-05-17,15.88,16.2,15.69,15.82,7.67415065692,14592610,0.0000,1.0
2016-05-16,15.76,16.095,15.71,15.96,7.74206349459,8819406,0.0000,1.0
2016-05-13,15.9,16.115,15.69,15.77,7.64989607204,6788816,0.0000,1.0
2016-05-12,16.09,16.14,15.8535,15.9,7.71295799273,5418380,0.0000,1.0
2016-05-11,15.89,16.355,15.88,16.02,7.77116899645,6470157,0.0000,1.0
2016-05-10,15.89,15.9,15.61,15.89,7.70810707575,4761598,0.0000,1.0
2016-05-09,15.71,15.96,15.67,15.86,7.69355432483,4943325,0.0000,1.0
2016-05-06,15.63,15.86,15.56,15.78,7.65474698901,4983593,0.0000,1.0
2016-05-05,15.95,15.97,15.64,15.72,7.62564148715,3519240,0.0000,1.0
2016-05-04,15.8,16.0,15.68,15.93,7.72751074366,6637775,0.0000,1.0
2016-05-03,16.23,16.25,15.78,15.93,7.72751074366,11065714,0.0000,1.0
2016-05-02,16.66,16.75,16.28,16.4,7.95550384156,8461206,0.0000,1.0
2016-04-29,16.89,16.91,16.51,16.66,8.08162768295,7088882,0.0000,1.0
2016-04-28,17.17,17.385,16.92,17.03,8.26111161108,4786943,0.0000,1.0
2016-04-27,17.3,17.52,17.25,17.31,8.39693728643,6363648,0.0000,1.0
2016-04-26,17.25,17.465,17.23,17.36,8.42119187131,6285691,0.0000,1.0
2016-04-25,17.36,17.41,16.82,17.21,8.34842811666,5842139,0.0000,1.0
2016-04-22,17.44,17.7,17.33,17.49,8.484253792,7958001,0.0000,1.0
2016-04-21,17.34,17.74,17.32,17.46,8.46970104108,5970372,0.0000,1.0
2016-04-20,17.07,17.5,17.07,17.4,8.44059553922,5440116,0.0000,1.0
2016-04-19,17.46,17.48,17.15,17.24,8.36298086759,6439694,0.0000,1.0
2016-04-18,17.21,17.485,17.14,17.44,8.45999920712,5661473,0.0000,1.0
2016-04-15,17.41,17.48,16.85,17.4,8.44059553922,11861987,0.0000,1.0
2016-04-14,17.36,17.4,17.06,17.26,8.37268270154,6615897,0.0000,1.0
2016-04-13,17.29,17.51,17.15,17.5,8.48910470898,8243231,0.0000,1.0
2016-04-12,17.71,17.76,17.18,17.24,8.36298086759,8787887,0.0000,1.0
2016-04-11,17.95,18.06,17.66,17.73,8.60067579944,5878459,0.0000,1.0
2016-04-08,17.85,18.295,17.81,17.89,8.67829047107,7279983,0.0000,1.0
2016-04-07,17.79,18.04,17.625,17.74,8.60552671642,9413442,0.0000,1.0
2016-04-06,17.65,17.98,17.46,17.96,8.7122468899,10391874,0.0000,1.0
2016-04-05,17.87,17.91,17.56,17.61,8.54246479572,8299991,0.0000,1.0
2016-04-04,18.45,18.45,17.93,18.04,8.75105422572,7666968,0.0000,1.0
2016-04-01,17.61,18.545,17.56,18.4,8.92568723687,14849934,0.0000,1.0
2016-03-31,17.84,17.96,17.5101,17.73,8.60067579944,10389604,0.0000,1.0
2016-03-30,17.72,17.915,17.63,17.89,8.67829047107,10552507,0.0000,1.0
2016-03-29,17.37,17.68,17.22,17.65,8.56186846363,5926601,0.0000,1.0
2016-03-28,17.48,17.665,17.22,17.51,8.49395562596,5529334,0.0000,1.0
2016-03-24,17.41,17.64,17.11,17.57,8.52306112782,8869974,0.0000,1.0
2016-03-23,17.52,17.57,17.09,17.46,8.46970104108,11433939,0.0000,1.0
2016-03-22,17.41,18.08,17.34,17.51,8.49395562596,11318505,0.0000,1.0
2016-03-21,17.33,17.94,17.3,17.71,8.59097396549,10729906,0.0000,1.0
2016-03-18,17.17,17.58,17.08,17.33,8.40663912038,30962871,0.0000,1.0
2016-03-17,17.13,17.33,16.96,17.16,8.32417353178,10868207,0.0000,1.0
2016-03-16,16.71,17.23,16.6,17.19,8.33872628271,12513970,0.0000,1.0
2016-03-15,16.36,16.88,16.25,16.77,8.13498776969,13934243,0.0000,1.0
2016-03-14,16.2,16.57,16.04,16.41,7.96035475854,9669016,0.0000,1.0
2016-03-11,16.0,16.44,16.0,16.33,7.92154742272,15683988,0.0000,1.0
2016-03-10,15.55,16.21,15.52,15.9,7.71295799273,14285129,0.0000,1.0
2016-03-09,15.34,15.835,15.3,15.49,7.51407039669,11068942,0.0000,1.0
2016-03-08,15.75,15.79,15.205,15.23,7.3879465553,12299677,0.0000,1.0
2016-03-07,15.13,15.99,15.06,15.97,7.74691441157,18478215,0.0550,1.0
2016-03-04,14.9,15.84,14.82,15.44,7.4641097357,33369625,0.0000,1.0
2016-03-03,13.91,13.95,13.28,13.6,6.57460443041,10011744,0.0000,1.0
2016-03-02,13.38,14.05,13.35,13.9,6.71963246932,10016491,0.0000,1.0
2016-03-01,13.42,13.47,13.09,13.28,6.41990785558,1992025,0.0000,1.0
2016-02-29,13.31,13.47,13.21,13.27,6.41507358761,3750173,0.0000,1.0
2016-02-26,13.78,13.8,13.15,13.44,6.49725614299,10824943,0.0000,1.0
2016-02-25,13.45,13.71,13.24,13.68,6.61327857412,12079898,0.0000,1.0
2016-02-24,13.0,13.57,12.82,13.53,6.54076455467,13226774,0.0000,1.0
2016-02-23,13.72,13.82,12.84,13.09,6.32805676427,14646955,0.0000,1.0
2016-02-22,13.75,13.88,13.57,13.8,6.67128978968,10755568,0.0000,1.0
2016-02-19,13.51,13.74,13.25,13.67,6.60844430615,9414376,0.0000,1.0
2016-02-18,13.05,13.7,13.02,13.53,6.54076455467,11734114,0.0000,1.0
2016-02-17,12.39,13.135,12.37,13.02,6.29421688852,8665514,0.0000,1.0
2016-02-16,12.41,12.49,12.27,12.33,5.96065239904,11976893,0.0000,1.0
2016-02-12,12.5,12.79,12.18,12.29,5.94131532719,10549410,0.0000,1.0
2016-02-11,12.57,12.67,12.015,12.4,5.99449227479,9834289,0.0000,1.0
2016-02-10,12.77,13.07,12.71,12.86,6.21686860111,5982701,0.0000,1.0
2016-02-09,12.37,12.86,12.31,12.72,6.14918884962,6686490,0.0000,1.0
2016-02-08,13.0,13.05,12.37,12.51,6.04766922238,14815851,0.0000,1.0
2016-02-05,13.69,13.75,13.035,13.2,6.38123371187,13227678,0.0000,1.0
2016-02-04,13.31,13.89,13.31,13.85,6.6954611295,6499149,0.0000,1.0
2016-02-03,13.66,13.77,13.11,13.37,6.46341626725,7553022,0.0000,1.0
2016-02-02,13.7,13.97,13.36,13.45,6.50209041096,9677516,0.0000,1.0
2016-02-01,13.67,13.88,13.53,13.79,6.66645552172,9549644,0.0000,1.0
2016-01-29,13.41,13.88,13.35,13.76,6.65195271783,11361905,0.0000,1.0
2016-01-28,13.45,13.7,13.07,13.19,6.3763994439,9874424,0.0000,1.0
2016-01-27,13.53,13.61,12.955,13.39,6.47308480318,18484506,0.0000,1.0
2016-01-26,13.35,13.725,13.35,13.6,6.57460443041,10726138,0.0000,1.0
2016-01-25,13.29,13.55,13.12,13.34,6.44891346336,11183427,0.0000,1.0
2016-01-22,12.7,13.43,12.65,13.35,6.45374773132,15269821,0.0000,1.0
2016-01-21,12.0,12.54,11.82,12.41,5.99932654275,16728144,0.0000,1.0
2016-01-20,12.0,12.2,11.625,12.06,5.83012716403,16640055,0.0000,1.0
2016-01-19,12.68,12.78,12.2,12.32,5.95581813108,12925129,0.0000,1.0
2016-01-15,12.6,12.8,12.49,12.54,6.06217202627,19729482,0.0000,1.0
2016-01-14,12.75,13.17,12.65,13.0,6.2845483526,13352501,0.0000,1.0
2016-01-13,13.35,13.35,12.53,12.75,6.16369165351,17720765,0.0000,1.0
2016-01-12,13.35,13.42,13.09,13.26,6.41023931965,12458350,0.0000,1.0
2016-01-11,13.43,13.71,13.07,13.26,6.41023931965,15110838,0.0000,1.0
2016-01-08,13.77,14.02,13.31,13.54,6.54559882263,16431854,0.0000,1.0
2016-01-07,14.5,14.56,13.65,13.71,6.62778137801,19844532,0.0000,1.0
2016-01-06,14.62,15.0,14.51,14.8,7.15471658603,11315099,0.0000,1.0
2016-01-05,15.13,15.25,14.94,15.03,7.2659047492,10285834,0.0000,1.0
2016-01-04,14.97,15.15,14.74,15.13,7.31424742883,15076835,0.0000,1.0
2015-12-31,15.23,15.31,15.1,15.2,7.34808730458,6767773,0.0000,1.0
2015-12-30,15.29,15.48,15.15,15.28,7.38676144828,6275778,0.0000,1.0
2015-12-29,15.29,15.4371,15.18,15.2,7.34808730458,6275753,0.0000,1.0
2015-12-28,14.89,15.28,14.82,15.23,7.36259010847,5930636,0.0000,1.0
2015-12-24,14.81,15.17,14.7901,15.02,7.26107048123,2178459,0.0000,1.0
2015-12-23,14.19,14.97,14.05,14.91,7.20789353363,11252128,0.0000,1.0
2015-12-22,14.04,14.14,13.9201,14.06,6.79698075673,7292476,0.0000,1.0
2015-12-21,14.12,14.4,13.87,14.02,6.77764368488,9863255,0.0000,1.0
2015-12-18,14.27,14.385,14.0,14.16,6.84532343637,19307237,0.0000,1.0
2015-12-17,14.61,14.72,14.22,14.31,6.91783745582,7625458,0.0000,1.0
2015-12-16,14.62,14.81,14.55,14.7,7.1063739064,7840968,0.0000,1.0
2015-12-15,14.51,14.98,14.485,14.56,7.03869415491,12888739,0.0000,1.0
2015-12-14,14.3,14.5,13.92,14.44,6.98068293935,11527694,0.0000,1.0
2015-12-11,14.99,15.4,14.14,14.18,6.85499197229,10614763,0.0000,1.0
2015-12-10,14.79,14.81,14.53,14.72,7.11604244233,11350207,0.0000,1.0
2015-12-09,14.99,15.39,14.68,14.85,7.17888792585,14261925,0.0000,1.0
2015-12-08,15.09,15.29,14.62,15.17,7.33358450069,11617601,0.0000,1.0
2015-12-07,15.0,15.48,14.92,15.45,7.46894400366,9545947,0.0550,1.0
2015-12-04,14.39,15.295,14.24,15.22,7.33165609389,12001085,0.0000,1.0
2015-12-03,15.0,15.34,14.58,14.62,7.04262891542,18905240,0.0000,1.0
2015-12-02,15.37,15.54,14.87,14.95,7.20159386358,12681067,0.0000,1.0
2015-12-01,14.88,15.88,14.85,15.61,7.5195237599,25106264,0.0000,1.0
2015-11-30,14.23,15.0,14.18,14.86,7.15823978681,29096030,0.0000,1.0
2015-11-27,14.12,14.64,14.05,14.35,6.91256668511,6041718,0.0000,1.0
2015-11-25,13.91,14.86,13.84,14.12,6.80177293336,22674894,0.0000,1.0
2015-11-24,13.58,14.025,13.5,13.69,6.59463678879,24108918,0.0000,1.0
2015-11-23,14.17,14.21,13.57,13.85,6.67171070305,15317345,0.0000,1.0
2015-11-20,13.78,14.63,13.68,14.21,6.84512701013,18558586,0.0000,1.0
2015-11-19,13.53,13.89,13.52,13.78,6.63799086556,13171491,0.0000,1.0
2015-11-18,13.48,13.73,13.1886,13.64,6.57055119058,13020475,0.0000,1.0
2015-11-17,13.38,13.49,13.12,13.22,6.36823216565,12420759,0.0000,1.0
2015-11-16,13.37,13.61,13.14,13.38,6.44530607991,13781375,0.0000,1.0
2015-11-13,13.61,13.76,13.15,13.39,6.45012319955,14924533,0.0000,1.0
2015-11-12,13.81,13.82,13.59,13.7,6.59945390843,20371666,0.0000,1.0
2015-11-11,14.2,14.31,14.09,14.11,6.79695581372,11009387,0.0000,1.0
2015-11-10,14.13,14.44,14.01,14.41,6.94146940295,14777765,0.0000,1.0
2015-11-09,14.26,14.48,14.13,14.2,6.84030989049,17528088,0.0000,1.0
2015-11-06,13.18,14.48,13.15,14.4,6.93665228331,30049669,0.0000,1.0
2015-11-05,13.64,13.89,13.12,13.28,6.3971348835,22189959,0.0000,1.0
2015-11-04,14.39,14.51,13.61,13.66,6.58018542986,31516491,0.0000,1.0
2015-11-03,14.07,14.71,13.675,14.36,6.91738380475,40205612,0.0000,1.0
2015-11-02,14.99,15.17,13.86,14.49,6.98000636008,40865891,0.0000,1.0
2015-10-30,15.9,16.1,14.72,14.72,7.09080011183,2449278,0.0000,1.0
2015-10-29,16.01,16.27,15.55,15.95,7.6833058277,290446,0.0000,1.0
2015-10-28,15.9,16.35,15.845,16.28,7.84227077586,296321,0.0000,1.0
2015-10-27,16.56,16.75,15.6,15.73,7.57732919559,636017,0.0000,1.0
2015-10-26,17.11,17.11,16.31,16.42,7.90971045083,514799,0.0000,1.0
2015-10-23,17.25,17.25,16.85,17.0,8.18910339002,59910,0.0000,1.0
2015-10-22,16.71,17.05,16.24,16.95,8.16501779182,110000,0.0000,1.0
2015-10-21,17.25,17.35,16.4,16.48,7.93861316868,78598,0.0000,1.0
2015-10-20,16.25,16.93,16.25,16.87,8.12648083469,709632,0.0000,1.0
2015-10-19,18.5,18.5,16.48,16.55,7.97233300617,1581576,0.0000,1.0
